! FANO-5Z - Frozen Atomic Natural Orbital- Quintuple Zeta basis sets
!
! Please cite
! Daniel Claudino and Rodney J. Bartlett The Journal of Chemical Physics 149, 064105 (2018); https://doi.org/10.1063/1.5039741
F 0
S 14 1.0
  121062.945500              0.0000921
   19158.181820              0.0006883
    4354.827393              0.0036045
    1271.994551              0.0140176
     439.628112              0.0451112
     169.588390              0.1248795
      70.202116              0.2935847
      30.413136              0.5464534
      13.573606              0.6745756
       6.170823              0.3736873
       2.824181              0.0420379
       1.279087             -0.0150644
       0.557780             -0.0243646
       0.224436             -0.0086441
S 14 1.0
  121062.945500              0.0000148
   19158.181820              0.0001105
    4354.827393              0.0005792
    1271.994551              0.0022640
     439.628112              0.0073734
     169.588390              0.0210451
      70.202116              0.0527382
      30.413136              0.1130121
      13.573606              0.1893789
       6.170823              0.1697355
       2.824181             -0.1370043
       1.279087             -0.5650205
       0.557780             -0.7156708
       0.224436             -0.2628052
S 14 1.0
  121062.945500              0.0000089
   19158.181820              0.0000670
    4354.827393              0.0003495
    1271.994551              0.0013758
     439.628112              0.0044466
     169.588390              0.0128938
      70.202116              0.0320670
      30.413136              0.0710594
      13.573606              0.1218620
       6.170823              0.1347683
       2.824181             -0.3297330
       1.279087             -0.6910919
       0.557780              0.3843896
       0.224436              0.4760611
S 14 1.0
  121062.945500              0.0000055
   19158.181820              0.0000412
    4354.827393              0.0002166
    1271.994551              0.0008467
     439.628112              0.0027901
     169.588390              0.0080918
      70.202116              0.0213527
      30.413136              0.0474612
      13.573606              0.0986591
       6.170823              0.0603676
       2.824181             -0.6838183
       1.279087              0.4014076
       0.557780              0.4133813
       0.224436             -0.4292086
S 14 1.0
  121062.945500              0.0000035
   19158.181820              0.0000187
    4354.827393              0.0001532
    1271.994551              0.0002965
     439.628112              0.0023845
     169.588390              0.0017132
      70.202116              0.0230761
      30.413136              0.0000840
      13.573606              0.1671988
       6.170823             -0.3154962
       2.824181             -0.0841218
       1.279087              0.6150290
       0.557780             -0.6409483
       0.224436              0.2753427
S 14 1.0
  121062.945500              0.0000021
   19158.181820              0.0000147
    4354.827393              0.0000852
    1271.994551              0.0002924
     439.628112              0.0012003
     169.588390              0.0029541
      70.202116              0.0118761
      30.413136              0.0164431
      13.573606              0.0964871
       6.170823             -0.4106078
       2.824181              0.6265843
       1.279087             -0.5663356
       0.557780              0.3133214
       0.224436             -0.1007750
P 10 1.0
     354.594487              0.0008764
      94.058585              0.0061813
      32.292988              0.0274322
      13.380424              0.0802137
       6.232206              0.1847667
       3.052498              0.3439764
       1.485040              0.5135391
       0.688077              0.5983117
       0.297126              0.4515944
       0.120061              0.1211566
P 10 1.0
     354.594487              0.0007646
      94.058585              0.0054083
      32.292988              0.0243714
      13.380424              0.0710079
       6.232206              0.1787299
       3.052498              0.4091166
       1.485040              0.4547729
       0.688077             -0.2073505
       0.297126             -0.6699464
       0.120061             -0.3104392
P 10 1.0
     354.594487              0.0006986
      94.058585              0.0051621
      32.292988              0.0246353
      13.380424              0.0769198
       6.232206              0.2260825
       3.052498              0.4071483
       1.485040             -0.4005649
       0.688077             -0.6134015
       0.297126              0.1589883
       0.120061              0.4632228
P 10 1.0
     354.594487              0.0007699
      94.058585              0.0047686
      32.292988              0.0285558
      13.380424              0.0708621
       6.232206              0.3080027
       3.052498              0.0816343
       1.485040             -0.4694022
       0.688077              0.2443834
       0.297126              0.6257784
       0.120061             -0.4700529
P 10 1.0
     354.594487              0.0004976
      94.058585              0.0033914
      32.292988              0.0213870
      13.380424              0.0748922
       6.232206              0.2747893
       3.052498             -0.3660997
       1.485040             -0.4830475
       0.688077              0.6252667
       0.297126             -0.3969591
       0.120061             -0.0501394
D 7 1.0
      15.937332              0.0171498
       8.164929              0.0313011
       4.183013              0.1939332
       2.143019              0.5010858
       1.097900              0.7080913
       0.562470              0.4188931
       0.288162              0.1821107
D 7 1.0
      15.937332              0.0199395
       8.164929              0.0553829
       4.183013              0.4055435
       2.143019              0.6296390
       1.097900             -0.1992590
       0.562470             -0.5229877
       0.288162             -0.3498630
D 7 1.0
      15.937332              0.0222081
       8.164929              0.1047391
       4.183013              0.6052508
       2.143019             -0.3316672
       1.097900             -0.5689714
       0.562470              0.2442905
       0.288162              0.3588852
D 7 1.0
      15.937332              0.0065959
       8.164929              0.2783642
       4.183013              0.0803024
       2.143019             -0.6996716
       1.097900              0.5940956
       0.562470              0.0466023
       0.288162             -0.2671324
F 6 1.0
      15.500222              0.0039473
       7.879849              0.0299023
       4.005879              0.2237411
       2.036469              0.6923604
       1.035280              0.6017837
       0.526305              0.3279080
F 6 1.0
      15.500222              0.0144103
       7.879849              0.0678401
       4.005879              0.6060118
       2.036469              0.3786984
       1.035280             -0.4397694
       0.526305             -0.5395648
F 6 1.0
      15.500222             -0.0013635
       7.879849              0.2205923
       4.005879              0.4959888
       2.036469             -0.6538795
       1.035280             -0.1597839
       0.526305              0.5022380
G 5 1.0
      10.316731              0.0148234
       5.291796              0.1352926
       2.714338              0.6339900
       1.392275              0.6768477
       0.714144              0.3484394
G 5 1.0
      10.316731              0.0150274
       5.291796              0.4560306
       2.714338              0.5809966
       1.392275             -0.4469502
       0.714144             -0.5044688
H 5 1.0
      10.793266              0.0112216
       6.023068              0.0990360
       3.361109              0.5990200
       1.875631              0.6689875
       1.046676              0.4285985
****
