! FANO-5Z - Frozen Atomic Natural Orbital- Quintuple Zeta basis sets
!
! Please cite
! Daniel Claudino and Rodney J. Bartlett The Journal of Chemical Physics 149, 064105 (2018); https://doi.org/10.1063/1.5039741
H 0
S 9 1.0
     837.356579              0.0000942
     123.458805              0.0007550
      27.680014              0.0039564
       7.844351              0.0161511
       2.563517              0.0524165
       0.933097              0.1187161
       0.373153              0.2019413
       0.159317              0.1760460
       0.067056              0.0363439
S 9 1.0
     837.356579              0.0001050
     123.458805              0.0008261
      27.680014              0.0045649
       7.844351              0.0192329
       2.563517              0.0888390
       0.933097              0.3472684
       0.373153              0.0661802
       0.159317             -0.4252670
       0.067056             -0.1033785
S 9 1.0
     837.356579              0.0000941
     123.458805              0.0006984
      27.680014              0.0044199
       7.844351              0.0217301
       2.563517              0.1832408
       0.933097             -0.1772017
       0.373153             -0.6766767
       0.159317              0.4743323
       0.067056              0.1655691
S 9 1.0
     837.356579             -0.0000518
     123.458805              0.0000389
      27.680014             -0.0038174
       7.844351              0.0105325
       2.563517             -0.3119156
       0.933097              1.2816372
       0.373153             -1.2109460
       0.159317              0.2471218
       0.067056              0.2423234
S 9 1.0
     837.356579              0.0000078
     123.458805             -0.0002103
      27.680014              0.0009415
       7.844351             -0.0242336
       2.563517             -0.0610713
       0.933097              1.1164797
       0.373153             -0.1846096
       0.159317             -0.2048759
       0.067056             -0.0094183
P 5 1.0
       5.331873              0.0074645
       2.436701              0.0156054
       1.113589              0.1322438
       0.508917              0.2287702
       0.232579              0.1881628
P 5 1.0
       5.331873              0.0149812
       2.436701              0.1100637
       1.113589              0.3659117
       0.508917             -0.0510704
       0.232579             -0.4114908
P 5 1.0
       5.331873              0.0159255
       2.436701              0.3714126
       1.113589             -0.3364789
       0.508917             -0.5567565
       0.232579              0.6165746
P 5 1.0
       5.331873              0.1637444
       2.436701              0.7608636
       1.113589             -0.5491847
       0.508917             -0.4113110
       0.232579              0.2775380
D 4 1.0
       4.548996              0.0011829
       2.057159              0.0311443
       0.930294              0.1131471
       0.420700              0.1353299
D 4 1.0
       4.548996              0.0191003
       2.057159              0.2694641
       0.930294              0.2251466
       0.420700             -0.5116127
D 4 1.0
       4.548996              0.0501292
       2.057159              0.3993087
       0.930294              0.2281097
       0.420700             -0.1250076
F 3 1.0
       3.332879              0.0043026
       1.460380              0.0410083
       0.639900              0.0703727
F 3 1.0
       3.332879              0.0287733
       1.460380              0.0804879
       0.639900             -0.1160726
G 2 1.0
       3.144784              0.0051647
       1.146100              0.0345248
****
