! FANO-5Z - Frozen Atomic Natural Orbital- Quintuple Zeta basis sets
!
! Please cite
! Daniel Claudino and Rodney J. Bartlett The Journal of Chemical Physics 149, 064105 (2018); https://doi.org/10.1063/1.5039741
O 0
S 14 1.0
  104579.418100              0.0000774
   18684.830510              0.0005020
    4378.146727              0.0026527
    1261.924359              0.0107314
     424.737667              0.0361369
     160.103124              0.1034337
      65.371390              0.2512464
      28.151246              0.4901427
      12.510194              0.6786310
       5.630780              0.4655847
       2.522699              0.0785387
       1.105114             -0.0153977
       0.463949             -0.0261916
       0.182214             -0.0103902
S 14 1.0
  104579.418100              0.0000119
   18684.830510              0.0000770
    4378.146727              0.0004068
    1261.924359              0.0016539
     424.737667              0.0056181
     160.103124              0.0165218
      65.371390              0.0422938
      28.151246              0.0930722
      12.510194              0.1669202
       5.630780              0.1896226
       2.522699             -0.0556710
       1.105114             -0.5241530
       0.463949             -0.7471932
       0.182214             -0.2988124
S 14 1.0
  104579.418100              0.0000073
   18684.830510              0.0000475
    4378.146727              0.0002495
    1261.924359              0.0010244
     424.737667              0.0034386
     160.103124              0.0103203
      65.371390              0.0260125
      28.151246              0.0596369
      12.510194              0.1052923
       5.630780              0.1502915
       2.522699             -0.1937410
       1.105114             -0.7498003
       0.463949              0.2575908
       0.182214              0.5439524
S 14 1.0
  104579.418100              0.0000046
   18684.830510              0.0000311
    4378.146727              0.0001544
    1261.924359              0.0006825
     424.737667              0.0020915
     160.103124              0.0072151
      65.371390              0.0160328
      28.151246              0.0465468
      12.510194              0.0680624
       5.630780              0.1416816
       2.522699             -0.6023334
       1.105114              0.1277469
       0.463949              0.6061177
       0.182214             -0.4757203
S 14 1.0
  104579.418100              0.0000026
   18684.830510              0.0000125
    4378.146727              0.0001002
    1261.924359              0.0002277
     424.737667              0.0016158
     160.103124              0.0017076
      65.371390              0.0161788
      28.151246              0.0044672
      12.510194              0.1094300
       5.630780             -0.1139373
       2.522699             -0.3164040
       1.105114              0.6887075
       0.463949             -0.5871567
       0.182214              0.2357404
S 14 1.0
  104579.418100              0.0000100
   18684.830510              0.0000511
    4378.146727              0.0003696
    1261.924359              0.0009740
     424.737667              0.0057417
     160.103124              0.0076838
      65.371390              0.0525986
      28.151246              0.0230366
      12.510194              0.3383647
       5.630780             -0.4246107
       2.522699              0.4242132
       1.105114             -0.4078175
       0.463949             -0.5909619
       0.182214             -0.0794781
P 9 1.0
     210.173390              0.0013664
      53.084551              0.0100475
      17.758267              0.0433518
       7.106953              0.1273811
       3.127487              0.2914642
       1.415803              0.4960115
       0.628021              0.6205979
       0.264789              0.4950932
       0.104859              0.1433668
P 9 1.0
     210.173390              0.0011643
      53.084551              0.0086250
      17.758267              0.0372816
       7.106953              0.1084991
       3.127487              0.3113215
       1.415803              0.5715529
       0.628021              0.0092096
       0.264789             -0.6151437
       0.104859             -0.4297464
P 9 1.0
     210.173390              0.0009035
      53.084551              0.0063566
      17.758267              0.0345472
       7.106953              0.1009258
       3.127487              0.3370795
       1.415803             -0.1005031
       0.628021             -0.6275719
       0.264789             -0.3186162
       0.104859              0.6078594
P 9 1.0
     210.173390              0.0010008
      53.084551              0.0077702
      17.758267              0.0343727
       7.106953              0.1025338
       3.127487              0.3754460
       1.415803              0.0127381
       0.628021             -0.4404186
       0.264789              0.7937560
       0.104859             -0.1520031
P 9 1.0
     210.173390              0.0008758
      53.084551              0.0101604
      17.758267              0.0385154
       7.106953              0.2270705
       3.127487              0.1529786
       1.415803             -0.7855644
       0.628021              0.4259347
       0.264789              0.1408501
       0.104859             -0.3241582
D 6 1.0
      14.611416              0.0095546
       6.700159              0.0343920
       3.072401              0.2074507
       1.408869              0.6425146
       0.646046              0.6576428
       0.296249              0.3322214
D 6 1.0
      14.611416              0.0149003
       6.700159              0.0338968
       3.072401              0.4918436
       1.408869              0.5113913
       0.646046             -0.4416114
       0.296249             -0.5478843
D 6 1.0
      14.611416              0.0071704
       6.700159              0.1173258
       3.072401              0.5635218
       1.408869             -0.5478466
       0.646046             -0.2953485
       0.296249              0.5303394
D 6 1.0
      14.611416             -0.0123384
       6.700159              0.3084937
       3.072401             -0.0783163
       1.408869             -0.4739643
       0.646046              0.7099024
       0.296249             -0.4122407
F 6 1.0
      13.230236              0.0031483
       6.612924              0.0234287
       3.305366              0.1871717
       1.652135              0.6672754
       0.825793              0.6303149
       0.412760              0.3490768
F 6 1.0
      13.230236              0.0101452
       6.612924              0.0295571
       3.305366              0.5518280
       1.652135              0.4697407
       0.825793             -0.4434682
       0.412760             -0.5264873
F 6 1.0
      13.230236             -0.0040723
       6.612924              0.1516745
       3.305366              0.5578776
       1.652135             -0.6064325
       0.825793             -0.2123727
       0.412760              0.5028800
G 5 1.0
       7.501940              0.0150541
       3.919717              0.1476180
       2.048028              0.6602245
       1.070082              0.6583858
       0.559111              0.3295665
G 5 1.0
       7.501940              0.0136240
       3.919717              0.5004001
       2.048028              0.5389971
       1.070082             -0.4827815
       0.559111             -0.4752035
H 4 1.0
       8.261664             -0.0029627
       4.015093              0.2419490
       1.951299              0.8010017
       0.948313              0.5475840
****
