! ANO-VT-QZ - Atomic Natural Orbital - Virial Theorem - Quadruple Zeta basis sets
!
! Please cite:
! Daniel Claudino, Ricardo Gargano, and Rodney J. Bartlett The Journal of Chemical Physics 144, 104106 (2016); https://doi.org/10.1063/1.4943275
! Daniel Claudino, Ricardo Gargano, and Rodney J. Bartlett The Journal of Chemical Physics 145, 019901 (2016); https://doi.org/10.1063/1.4954989
AL 0
S 16 1.0
  419600.502119              0.0000117
   62830.075186              0.0000913
   14290.017100              0.0004806
    4038.004832              0.0020256
    1312.001570              0.0073327
     470.500563              0.0230900
     181.800218              0.0627224
      74.460089              0.1367282
      31.900038              0.2179515
      13.960017              0.1684026
       5.180006             -0.1654269
       2.265003             -0.5250087
       0.966401             -0.4383708
       0.244700              0.1770757
       0.118400              0.4519451
       0.050210              0.1787101
S 16 1.0
  419600.502119              0.0000171
   62830.075186              0.0001328
   14290.017100              0.0006984
    4038.004832              0.0029445
    1312.001570              0.0106078
     470.500563              0.0332012
     181.800218              0.0881759
      74.460089              0.1843037
      31.900038              0.2616867
      13.960017              0.1743674
       5.180006             -0.0596142
       2.265003             -0.1996310
       0.966401             -0.0394706
       0.244700             -0.1905677
       0.118400             -0.4111209
       0.050210             -0.1701264
S 16 1.0
  419600.502119              0.0000203
   62830.075186              0.0001581
   14290.017100              0.0008305
    4038.004832              0.0035024
    1312.001570              0.0125611
     470.500563              0.0391053
     181.800218              0.1016590
      74.460089              0.2038889
      31.900038              0.2531560
      13.960017              0.1352861
       5.180006              0.1083790
       2.265003              0.2359027
       0.966401              0.1273351
       0.244700              0.0690954
       0.118400              0.1366134
       0.050210              0.0582419
S 16 1.0
  419600.502119              0.0000011
   62830.075186              0.0000082
   14290.017100              0.0000450
    4038.004832              0.0001782
    1312.001570              0.0006794
     470.500563              0.0018639
     181.800218              0.0050730
      74.460089              0.0062304
      31.900038              0.0046539
      13.960017             -0.0144884
       5.180006              0.0530618
       2.265003             -0.0100934
       0.966401             -0.1136536
       0.244700              1.7130199
       0.118400             -0.5196201
       0.050210             -0.6414360
S 16 1.0
  419600.502119              0.0000045
   62830.075186              0.0000015
   14290.017100              0.0000144
    4038.004832              0.0000251
    1312.001570              0.0002487
     470.500563              0.0001235
     181.800218              0.0023529
      74.460089             -0.0022181
      31.900038              0.0102159
      13.960017             -0.0255599
       5.180006              0.0710965
       2.265003             -0.1874884
       0.966401              0.2034190
       0.244700              0.3072448
       0.118400             -0.6236381
       0.050210              1.2991686
S 16 1.0
  419600.502119              0.0000081
   62830.075186              0.0000041
   14290.017100             -0.0000111
    4038.004832              0.0001366
    1312.001570             -0.0003477
     470.500563              0.0021904
     181.800218             -0.0055309
      74.460089              0.0215896
      31.900038             -0.0524478
      13.960017              0.1177467
       5.180006             -0.2406492
       2.265003              1.0574016
       0.966401             -1.4694367
       0.244700             -0.1017863
       0.118400             -0.3670791
       0.050210              0.2464855
P 11 1.0
     891.301067              0.0004956
     211.300253              0.0041904
      68.280082              0.0214190
      25.700031              0.0770042
      10.630013              0.1958389
       4.602006              0.3371400
       2.015002              0.3784504
       0.870601              0.2055765
       0.297200              0.0083557
       0.110000             -0.0281753
       0.039890             -0.0120973
P 11 1.0
     891.301067              0.0000313
     211.300253              0.0002655
      68.280082              0.0013230
      25.700031              0.0046353
      10.630013              0.0108259
       4.602006              0.0181136
       2.015002              0.0135936
       0.870601              0.0153150
       0.297200              0.2706486
       0.110000              0.5572244
       0.039890              0.2866552
P 11 1.0
     891.301067              0.0000123
     211.300253              0.0000415
      68.280082              0.0005275
      25.700031              0.0005090
      10.630013              0.0044382
       4.602006             -0.0064677
       2.015002              0.0062596
       0.870601             -0.0922513
       0.297200              0.9112924
       0.110000              0.0231361
       0.039890             -0.9005181
P 11 1.0
     891.301067              0.0000728
     211.300253             -0.0000163
      68.280082              0.0033718
      25.700031             -0.0017772
      10.630013              0.0427180
       4.602006             -0.0346700
       2.015002              0.2419870
       0.870601             -0.3019217
       0.297200             -1.0705503
       0.110000              1.0491113
       0.039890             -1.0233331
P 11 1.0
     891.301067              0.0003160
     211.300253              0.0007608
      68.280082              0.0144063
      25.700031              0.0092533
      10.630013              0.1691696
       4.602006             -0.0419389
       2.015002              0.7801910
       0.870601             -1.5490190
       0.297200              0.1383645
       0.110000             -0.2000988
       0.039890              0.3001362
D 3 1.0
       0.080400              0.3744786
       0.199000              0.5758826
       0.494001              0.1853717
D 3 1.0
       0.080400              1.1438654
       0.199000             -0.5974890
       0.494001             -0.4545978
D 3 1.0
       0.080400              0.2215313
       0.199000             -0.5606984
       0.494001              1.2943599
F 2 1.0
       0.154000              0.6747025
       0.401000              0.4340086
F 2 1.0
       0.154000              0.8098899
       0.401000             -1.2590411
G 1 1.0
       0.357000              1.0000000
****
