! ANO-VT-QZ - Atomic Natural Orbital - Virial Theorem - Quadruple Zeta basis sets
!
! Please cite:
! Daniel Claudino, Ricardo Gargano, and Rodney J. Bartlett The Journal of Chemical Physics 144, 104106 (2016); https://doi.org/10.1063/1.4943275
! Daniel Claudino, Ricardo Gargano, and Rodney J. Bartlett The Journal of Chemical Physics 145, 019901 (2016); https://doi.org/10.1063/1.4954989
AR 0
S 16 1.0
  950608.412790              0.0000089
  142301.259352              0.0000689
   32360.286385              0.0003631
    9145.080933              0.0015325
    2970.026284              0.0055760
    1064.009416              0.0177885
     410.803636              0.0496781
     168.001487              0.1148515
      71.990637              0.2009080
      31.670280              0.1964375
      12.890114             -0.0827099
       5.929052             -0.5520746
       2.678024             -0.5581042
       0.941608              0.1992459
       0.423904              0.5416328
       0.171402              0.2191020
S 16 1.0
  950608.412790              0.0000154
  142301.259352              0.0001194
   32360.286385              0.0006286
    9145.080933              0.0026530
    2970.026284              0.0096073
    1064.009416              0.0304151
     410.803636              0.0828916
     168.001487              0.1824670
      71.990637              0.2823869
      31.670280              0.2284817
      12.890114             -0.0153102
       5.929052             -0.1963766
       2.678024             -0.0716893
       0.941608             -0.1862732
       0.423904             -0.3787887
       0.171402             -0.1583828
S 16 1.0
  950608.412790              0.0000159
  142301.259352              0.0001233
   32360.286385              0.0006487
    9145.080933              0.0027358
    2970.026284              0.0098776
    1064.009416              0.0310474
     410.803636              0.0830285
     168.001487              0.1747483
      71.990637              0.2395982
      31.670280              0.1481918
      12.890114              0.0866017
       5.929052              0.2263636
       2.678024              0.1519207
       0.941608              0.0850993
       0.423904              0.1541357
       0.171402              0.0658376
S 16 1.0
  950608.412790              0.0000013
  142301.259352              0.0000099
   32360.286385              0.0000514
    9145.080933              0.0002197
    2970.026284              0.0007684
    1064.009416              0.0024265
     410.803636              0.0058597
     168.001487              0.0110021
      71.990637              0.0054889
      31.670280             -0.0045689
      12.890114              0.0065362
       5.929052              0.1079237
       2.678024             -0.2781674
       0.941608              1.5855756
       0.423904             -0.3780284
       0.171402             -0.9497781
S 16 1.0
  950608.412790              0.0000048
  142301.259352              0.0000023
   32360.286385              0.0000192
    9145.080933              0.0000401
    2970.026284              0.0003263
    1064.009416              0.0002758
     410.803636              0.0030729
     168.001487             -0.0019016
      71.990637              0.0135317
      31.670280             -0.0352380
      12.890114              0.0888244
       5.929052             -0.2627208
       2.678024              0.2279704
       0.941608              0.5935117
       0.423904             -0.7054266
       0.171402              1.1758274
S 16 1.0
  950608.412790              0.0000113
  142301.259352              0.0000102
   32360.286385              0.0000245
    9145.080933              0.0002624
    2970.026284              0.0002148
    1064.009416              0.0034879
     410.803636             -0.0008543
     168.001487              0.0260985
      71.990637             -0.0491374
      31.670280              0.1116260
      12.890114             -0.2109204
       5.929052              1.3237077
       2.678024             -1.5625327
       0.941608             -0.1934874
       0.423904             -0.4340822
       0.171402              0.4558367
P 11 1.0
    1890.016726              0.0003568
     447.803963              0.0030574
     144.601280              0.0161328
      54.460482              0.0603287
      22.510199              0.1599358
       9.774086              0.2787390
       4.368039              0.2823666
       1.959017              0.0029427
       0.826007             -0.3576421
       0.329703             -0.4285347
       0.124201             -0.1830583
P 11 1.0
    1890.016726              0.0003754
     447.803963              0.0032206
     144.601280              0.0168737
      54.460482              0.0626333
      22.510199              0.1624861
       9.774086              0.2787364
       4.368039              0.2677944
       1.959017              0.1447383
       0.826007              0.1937540
       0.329703              0.2259819
       0.124201              0.0964133
P 11 1.0
    1890.016726              0.0000126
     447.803963              0.0000089
     144.601280              0.0006792
      54.460482              0.0007852
      22.510199              0.0131789
       9.774086              0.0043286
       4.368039              0.0640529
       1.959017             -0.1845709
       0.826007             -0.9309725
       0.329703              0.5535456
       0.124201              0.6372690
P 11 1.0
    1890.016726              0.0001454
     447.803963              0.0004879
     144.601280              0.0069657
      54.460482              0.0099066
      22.510199              0.0927465
       9.774086              0.0041929
       4.368039              0.3707371
       1.959017             -1.2337723
       0.826007              0.0190865
       0.329703              0.6620167
       0.124201             -0.9437234
P 11 1.0
    1890.016726              0.0001895
     447.803963              0.0016826
     144.601280              0.0089170
      54.460482              0.0360828
      22.510199              0.1057391
       9.774086              0.1675924
       4.368039              0.1560689
       1.959017             -1.1550258
       0.826007              0.5774727
       0.329703             -0.7034928
       0.124201              1.1010930
D 3 1.0
       0.311003              0.3906425
       0.763007              0.5427546
       1.873017              0.2088775
D 3 1.0
       0.311003              1.1996733
       0.763007             -0.7178734
       1.873017             -0.3782804
D 3 1.0
       0.311003              0.0782831
       0.763007             -0.5632464
       1.873017              1.3171544
F 2 1.0
       0.543005              0.6412489
       1.325012              0.4570150
F 2 1.0
       0.543005              0.9326334
       1.325012             -1.3086006
G 1 1.0
       1.007009              1.0000000
****
