! ANO-VT-QZ - Atomic Natural Orbital - Virial Theorem - Quadruple Zeta basis sets
!
! Please cite:
! Daniel Claudino, Ricardo Gargano, and Rodney J. Bartlett The Journal of Chemical Physics 144, 104106 (2016); https://doi.org/10.1063/1.4943275
! Daniel Claudino, Ricardo Gargano, and Rodney J. Bartlett The Journal of Chemical Physics 145, 019901 (2016); https://doi.org/10.1063/1.4954989
B 0
S 12 1.0
   23871.623188              0.0000537
    3575.243104              0.0004177
     812.855271              0.0021861
     229.715620              0.0091206
      74.695079              0.0314404
      26.811823              0.0892574
      10.320702              0.1924138
       4.178284              0.2912679
       1.727117              0.2100994
       0.470432             -0.2425185
       0.189613             -0.5456626
       0.073945             -0.2405663
S 12 1.0
   23871.623188              0.0000739
    3575.243104              0.0005735
     812.855271              0.0030068
     229.715620              0.0124676
      74.695079              0.0428703
      26.811823              0.1187167
      10.320702              0.2471132
       4.178284              0.3167294
       1.727117              0.1561712
       0.470432              0.1220659
       0.189613              0.2363699
       0.073945              0.1084766
S 12 1.0
   23871.623188              0.0000123
    3575.243104              0.0000899
     812.855271              0.0005071
     229.715620              0.0018659
      74.695079              0.0070642
      26.811823              0.0138831
      10.320702              0.0301222
       4.178284             -0.0368889
       1.727117             -0.0540948
       0.470432              1.2504516
       0.189613             -0.1559276
       0.073945             -0.9685823
S 12 1.0
   23871.623188              0.0000069
    3575.243104              0.0000266
     812.855271              0.0003450
     229.715620              0.0002399
      74.695079              0.0056364
      26.811823             -0.0066741
      10.320702              0.0353214
       4.178284             -0.1599522
       1.727117              0.1653441
       0.470432              0.8176950
       0.189613             -0.9019415
       0.073945              1.1987558
S 12 1.0
   23871.623188              0.0000021
    3575.243104              0.0001942
     812.855271             -0.0003247
     229.715620              0.0062850
      74.695079             -0.0104589
      26.811823              0.1091443
      10.320702             -0.1380339
       4.178284              0.9848114
       1.727117             -1.6536968
       0.470432              0.0503841
       0.189613             -0.2329241
       0.073945              0.1546025
P 6 1.0
      22.261514              0.0050958
       5.058344              0.0329952
       1.487101              0.1291787
       0.507134              0.3499103
       0.181212              0.4760381
       0.064634              0.2333165
P 6 1.0
      22.261514              0.0031665
       5.058344              0.0093902
       1.487101              0.0278103
       0.507134              0.7294418
       0.181212             -0.0976945
       0.064634             -0.9114286
P 6 1.0
      22.261514              0.0169122
       5.058344              0.0613035
       1.487101              0.6012036
       0.507134              0.7103158
       0.181212             -1.0318546
       0.064634              0.6981231
P 6 1.0
      22.261514              0.0259853
       5.058344              0.2188494
       1.487101              1.0177028
       0.507134             -0.3901154
       0.181212              0.1391047
       0.064634             -0.2937327
D 3 1.0
       1.110075              0.1353119
       0.402027              0.5493251
       0.145010              0.4713598
D 3 1.0
       1.110075              0.2334565
       0.402027              0.9137762
       0.145010             -1.1319371
D 3 1.0
       1.110075              1.1635433
       0.402027             -0.2909709
       0.145010              0.0050838
F 2 1.0
       0.882060              0.3554086
       0.311021              0.7575133
F 2 1.0
       0.882060              1.1973097
       0.311021             -0.5617515
G 1 1.0
       0.673046              1.0000000
****
