! ANO-VT-QZ - Atomic Natural Orbital - Virial Theorem - Quadruple Zeta basis sets
!
! Please cite:
! Daniel Claudino, Ricardo Gargano, and Rodney J. Bartlett The Journal of Chemical Physics 144, 104106 (2016); https://doi.org/10.1063/1.4943275
! Daniel Claudino, Ricardo Gargano, and Rodney J. Bartlett The Journal of Chemical Physics 145, 019901 (2016); https://doi.org/10.1063/1.4954989
BE 0
S 12 1.0
   14630.453534              0.0000546
    2191.067922              0.0004248
     498.215444              0.0022227
     140.904368              0.0092349
      45.861422              0.0316580
      16.470511              0.0885110
       6.319196              0.1884173
       2.535079              0.2798759
       1.035032              0.2102481
       0.252808             -0.2348295
       0.105203             -0.5642012
       0.042611             -0.2156452
S 12 1.0
   14630.453534              0.0000777
    2191.067922              0.0006035
     498.215444              0.0031598
     140.904368              0.0130743
      45.861422              0.0446549
      16.470511              0.1224891
       6.319196              0.2525119
       2.535079              0.3255625
       1.035032              0.1545723
       0.252808              0.1155579
       0.105203              0.2406757
       0.042611              0.0957620
S 12 1.0
   14630.453534              0.0000136
    2191.067922              0.0000936
     498.215444              0.0005802
     140.904368              0.0018520
      45.861422              0.0082324
      16.470511              0.0112757
       6.319196              0.0382514
       2.535079             -0.0615937
       1.035032             -0.0344997
       0.252808              1.5041531
       0.105203             -0.4152181
       0.042611             -0.6258464
S 12 1.0
   14630.453534             -0.0000036
    2191.067922              0.0000362
     498.215444             -0.0002945
     140.904368              0.0015384
      45.861422             -0.0061840
      16.470511              0.0324991
       6.319196             -0.0595839
       2.535079              0.2770141
       1.035032             -0.4042980
       0.252808             -0.3317518
       0.105203              0.5594179
       0.042611             -1.1765844
S 12 1.0
   14630.453534              0.0000175
    2191.067922              0.0003198
     498.215444              0.0002938
     140.904368              0.0091971
      45.861422              0.0001450
      16.470511              0.1535856
       6.319196             -0.0535894
       2.535079              0.8650983
       1.035032             -1.6193473
       0.252808              0.1069551
       0.105203             -0.4181420
       0.042611              0.5381189
P 6 1.0
      14.030435              0.0040660
       3.168098              0.0236569
       0.902428              0.0847445
       0.303609              0.4240445
       0.113004              0.5453638
       0.042861              0.0669718
P 6 1.0
      14.030435              0.0065740
       3.168098              0.1726628
       0.902428              0.4372293
       0.303609             -1.9121515
       0.113004              1.4165966
       0.042861             -0.0431127
P 6 1.0
      14.030435              0.0071795
       3.168098             -0.3836535
       0.902428              0.7925391
       0.303609             -0.0220060
       0.113004             -0.2001557
       0.042861              0.9014650
P 6 1.0
      14.030435              0.1123684
       3.168098             -0.2929556
       0.902428             -0.6672526
       0.303609             -0.0941352
       0.113004              0.1288986
       0.042861              0.4873754
D 3 1.0
       1.072033              0.0898635
       0.441014             -0.3040043
       0.181106             -0.7963792
D 3 1.0
       1.072033              0.2867373
       0.441014             -1.5769516
       0.181106              0.6343299
D 3 1.0
       1.072033              0.8591504
       0.441014              0.1692305
       0.181106              0.0323457
F 2 1.0
       0.481015              0.0437548
       0.255008             -1.0346706
F 2 1.0
       0.481015              0.9669753
       0.255008              0.0408921
G 1 1.0
       0.415013              1.0000000
****
