! ANO-VT-QZ - Atomic Natural Orbital - Virial Theorem - Quadruple Zeta basis sets
!
! Please cite:
! Daniel Claudino, Ricardo Gargano, and Rodney J. Bartlett The Journal of Chemical Physics 144, 104106 (2016); https://doi.org/10.1063/1.4943275
! Daniel Claudino, Ricardo Gargano, and Rodney J. Bartlett The Journal of Chemical Physics 145, 019901 (2016); https://doi.org/10.1063/1.4954989
C 0
S 12 1.0
   33980.917466              0.0000550
    5089.137404              0.0004278
    1157.031239              0.0022408
     326.608818              0.0093692
     106.102865              0.0323560
      38.111029              0.0918389
      14.750398              0.1967628
       6.035163              0.2941050
       2.530068              0.1990918
       0.735520             -0.2546181
       0.290508             -0.5338865
       0.111103             -0.2527813
S 12 1.0
   33980.917466              0.0000755
    5089.137404              0.0005858
    1157.031239              0.0030753
     326.608818              0.0127697
     106.102865              0.0439693
      38.111029              0.1213149
      14.750398              0.2495866
       6.035163              0.3101175
       2.530068              0.1515411
       0.735520              0.1263171
       0.290508              0.2294442
       0.111103              0.1128173
S 12 1.0
   33980.917466              0.0000112
    5089.137404              0.0000841
    1157.031239              0.0004592
     326.608818              0.0017716
     106.102865              0.0063430
      38.111029              0.0137274
      14.750398              0.0253418
       6.035163             -0.0272723
       2.530068             -0.0500313
       0.735520              1.0328533
       0.290508              0.0240769
       0.111103             -1.1367505
S 12 1.0
   33980.917466              0.0000103
    5089.137404              0.0000560
    1157.031239              0.0004709
     326.608818              0.0009103
     106.102865              0.0071711
      38.111029             -0.0008000
      14.750398              0.0361751
       6.035163             -0.1679951
       2.530068              0.1552772
       0.735520              1.1708809
       0.290508             -1.0714393
       0.111103              1.0392054
S 12 1.0
   33980.917466              0.0001739
    5089.137404              0.0001563
    1157.031239             -0.0003594
     326.608818              0.0052260
     106.102865             -0.0103685
      38.111029              0.0938487
      14.750398             -0.1285043
       6.035163              0.9709228
       2.530068             -1.6751302
       0.735520              0.0743091
       0.290508             -0.2099069
       0.111103              0.1117230
P 6 1.0
      34.510932              0.0053899
       7.915214              0.0361876
       2.368064              0.1417799
       0.813222              0.3494984
       0.289008              0.4607020
       0.100703              0.2457177
P 6 1.0
      34.510932              0.0060638
       7.915214              0.0338094
       2.368064              0.1489727
       0.813222              0.7149866
       0.289008             -0.1621594
       0.100703             -0.8040000
P 6 1.0
      34.510932              0.0180790
       7.915214              0.0806654
       2.368064              0.6577435
       0.813222              0.5431741
       0.289008             -1.0595194
       0.100703              0.8221341
P 6 1.0
      34.510932              0.0266462
       7.915214              0.2314577
       2.368064              1.0597880
       0.813222             -0.5089443
       0.289008              0.1936510
       0.100703             -0.2853534
D 3 1.0
       1.848050              0.1298553
       0.649018              0.5423665
       0.228006              0.4895048
D 3 1.0
       1.848050              0.4044184
       0.649018              0.7774825
       0.228006             -0.9687265
D 3 1.0
       1.848050              1.2086985
       0.649018             -0.4319349
       0.228006              0.1579375
F 2 1.0
       1.419038              0.3377855
       0.485013              0.7767995
F 2 1.0
       1.419038              1.1777356
       0.485013             -0.5121297
G 1 1.0
       1.011027              1.0000000
****
