! ANO-VT-QZ - Atomic Natural Orbital - Virial Theorem - Quadruple Zeta basis sets
!
! Please cite:
! Daniel Claudino, Ricardo Gargano, and Rodney J. Bartlett The Journal of Chemical Physics 144, 104106 (2016); https://doi.org/10.1063/1.4943275
! Daniel Claudino, Ricardo Gargano, and Rodney J. Bartlett The Journal of Chemical Physics 145, 019901 (2016); https://doi.org/10.1063/1.4954989
F 0
S 12 1.0
   74528.270914              0.0000576
   11169.740858              0.0004479
    2542.941003              0.0023364
     720.983273              0.0097051
     235.894527              0.0331717
      85.598014              0.0937715
      33.549222              0.2005903
      13.929677              0.2988561
       5.914863              0.1853592
       1.842957             -0.2755327
       0.712383             -0.5296516
       0.263694             -0.2530894
S 12 1.0
   74528.270914              0.0000791
   11169.740858              0.0006134
    2542.941003              0.0032078
     720.983273              0.0132153
     235.894527              0.0450080
      85.598014              0.1229511
      33.549222              0.2503991
      13.929677              0.3032541
       5.914863              0.1512073
       1.842957              0.1327891
       0.712383              0.2222659
       0.263694              0.1095728
S 12 1.0
   74528.270914              0.0000125
   11169.740858              0.0000948
    2542.941003              0.0005137
     720.983273              0.0019701
     235.894527              0.0069046
      85.598014              0.0145440
      33.549222              0.0243527
      13.929677             -0.0429777
       5.914863             -0.0379213
       1.842957              1.1382712
       0.712383             -0.1373002
       0.263694             -1.0047235
S 12 1.0
   74528.270914              0.0000094
   11169.740858              0.0000388
    2542.941003              0.0004635
     720.983273              0.0003930
     235.894527              0.0074760
      85.598014             -0.0082428
      33.549222              0.0455299
      13.929677             -0.2309181
       5.914863              0.2810486
       1.842957              0.9431641
       0.712383             -1.0881126
       0.263694              1.2175320
S 12 1.0
   74528.270914             -0.0000017
   11169.740858              0.0001406
    2542.941003             -0.0004318
     720.983273              0.0048702
     235.894527             -0.0116949
      85.598014              0.0884529
      33.549222             -0.1363057
      13.929677              1.0170333
       5.914863             -1.7799787
       1.842957              0.1566531
       0.712383             -0.2806098
       0.263694              0.2374050
P 6 1.0
      80.388135              0.0063810
      18.629568              0.0444268
       5.693868              0.1697535
       1.952955              0.3636586
       0.670184              0.4333265
       0.216595              0.2516841
P 6 1.0
      80.388135              0.0086727
      18.629568              0.0569291
       5.693868              0.2574542
       1.952955              0.6241976
       0.670184             -0.2091592
       0.216595             -0.7257066
P 6 1.0
      80.388135              0.0176121
      18.629568              0.0784599
       5.693868              0.6301530
       1.952955              0.4489211
       0.670184             -1.1887119
       0.216595              0.9586523
P 6 1.0
      80.388135              0.0278562
      18.629568              0.2246464
       5.693868              1.1361070
       1.952955             -0.6591734
       0.670184              0.2035414
       0.216595             -0.2046295
D 3 1.0
       5.013884              0.1257798
       1.724960              0.5438823
       0.585986              0.4980126
D 3 1.0
       5.013884              0.4169575
       1.724960              0.7563590
       0.585986             -0.9313321
D 3 1.0
       5.013884              1.2067250
       1.724960             -0.4437621
       0.585986              0.1798603
F 2 1.0
       3.561917              0.3189448
       1.147973              0.8006249
F 2 1.0
       3.561917              1.1490951
       1.147973             -0.4577648
G 1 1.0
       2.375945              1.0000000
****
