! ANO-VT-QZ - Atomic Natural Orbital - Virial Theorem - Quadruple Zeta basis sets
!
! Please cite:
! Daniel Claudino, Ricardo Gargano, and Rodney J. Bartlett The Journal of Chemical Physics 144, 104106 (2016); https://doi.org/10.1063/1.4943275
! Daniel Claudino, Ricardo Gargano, and Rodney J. Bartlett The Journal of Chemical Physics 145, 019901 (2016); https://doi.org/10.1063/1.4954989
LI 0
S 12 1.0
    6601.050539              0.0001170
     989.707577              0.0009110
     225.701728              0.0047280
      64.290492              0.0191970
      21.180162              0.0630470
       7.724059              0.1632079
       3.003023              0.3148268
       1.212009              0.3939358
       0.493004              0.1969179
       0.095151              0.0099970
       0.047910             -0.0054020
       0.022200              0.0017040
S 12 1.0
    6601.050539             -0.0000180
     989.707577             -0.0001420
     225.701728             -0.0007410
      64.290492             -0.0030200
      21.180162             -0.0101230
       7.724059             -0.0270940
       3.003023             -0.0573590
       1.212009             -0.0938950
       0.493004             -0.1210910
       0.095151              0.2766080
       0.047910              0.5495480
       0.022200              0.2773850
S 12 1.0
    6601.050539              0.0000043
     989.707577              0.0000310
     225.701728              0.0001798
      64.290492              0.0006058
      21.180162              0.0023201
       7.724059              0.0033294
       3.003023              0.0078480
       1.212009             -0.0155154
       0.493004             -0.0705762
       0.095151              1.7631826
       0.047910             -0.6180098
       0.022200             -0.8758102
S 12 1.0
    6601.050539              0.0000345
     989.707577              0.0002914
     225.701728              0.0013223
      64.290492              0.0063813
      21.180162              0.0162408
       7.724059              0.0578170
       3.003023              0.0519031
       1.212009              0.1153503
       0.493004             -0.2969770
       0.095151             -0.4058220
       0.047910              0.8668287
       0.022200             -1.4060529
S 12 1.0
    6601.050539              0.0001548
     989.707577              0.0012400
     225.701728              0.0061106
      64.290492              0.0262999
      21.180162              0.0770382
       7.724059              0.2156428
       3.003023              0.2713448
       1.212009              0.2311278
       0.493004             -1.1073995
       0.095151             -0.0637532
       0.047910             -0.2502665
       0.022200              0.1368697
P 6 1.0
       6.250048              0.0033880
       1.370010              0.0193160
       0.367203              0.0791041
       0.119201              0.2740953
       0.044740              0.5194885
       0.017950              0.2844233
P 6 1.0
       6.250048              0.0038866
       1.370010              0.0585301
       0.367203              0.1313594
       0.119201             -1.1189773
       0.044740              1.3233442
       0.017950              0.2043556
P 6 1.0
       6.250048              0.0335049
       1.370010              0.2197899
       0.367203              0.8924284
       0.119201             -0.0577517
       0.044740             -0.1847177
       0.017950              0.2427091
P 6 1.0
       6.250048              0.0237263
       1.370010              0.2638410
       0.367203              0.2017574
       0.119201             -0.0729634
       0.044740              0.0547463
       0.017950             -0.9597490
D 3 1.0
       0.344003              0.0462674
       0.153001              0.4391155
       0.068001              0.5981752
D 3 1.0
       0.344003              0.1061731
       0.153001             -1.6452539
       0.068001              1.1995551
D 3 1.0
       0.344003              1.0223815
       0.153001              0.0054200
       0.068001             -0.0830574
F 2 1.0
       0.246002              0.1616042
       0.129201              0.8667005
F 2 1.0
       0.246002              1.1638322
       0.129201             -0.2170071
G 1 1.0
       0.238002              1.0000000
****
