! ANO-VT-QZ - Atomic Natural Orbital - Virial Theorem - Quadruple Zeta basis sets
!
! Please cite:
! Daniel Claudino, Ricardo Gargano, and Rodney J. Bartlett The Journal of Chemical Physics 144, 104106 (2016); https://doi.org/10.1063/1.4943275
! Daniel Claudino, Ricardo Gargano, and Rodney J. Bartlett The Journal of Chemical Physics 145, 019901 (2016); https://doi.org/10.1063/1.4954989
N 0
S 12 1.0
   45838.028901              0.0000559
    6867.704679              0.0004345
    1562.932792              0.0022695
     442.380977              0.0094558
     144.293795              0.0324362
      52.177756              0.0916699
      20.339125              0.1966015
       8.380640              0.2950038
       3.528848              0.1958362
       1.053955             -0.2603640
       0.411782             -0.5244225
       0.155193             -0.2643069
S 12 1.0
   45838.028901              0.0000767
    6867.704679              0.0005952
    1562.932792              0.0031151
     442.380977              0.0128849
     144.293795              0.0440515
      52.177756              0.1207809
      20.339125              0.2479348
       8.380640              0.3072037
       3.528848              0.1532785
       1.053955              0.1290370
       0.411782              0.2238862
       0.155193              0.1173278
S 12 1.0
   45838.028901              0.0000100
    6867.704679              0.0000763
    1562.932792              0.0004073
     442.380977              0.0016130
     144.293795              0.0055391
      52.177756              0.0128035
      20.339125              0.0218426
       8.380640             -0.0153805
       3.528848             -0.0511720
       1.053955              0.8295823
       0.411782              0.2106706
       0.155193             -1.2688604
S 12 1.0
   45838.028901              0.0000126
    6867.704679              0.0000765
    1562.932792              0.0005610
     442.380977              0.0013521
     144.293795              0.0081932
      52.177756              0.0027409
      20.339125              0.0354738
       8.380640             -0.1729481
       3.528848              0.1371403
       1.053955              1.4690576
       0.411782             -1.1477591
       0.155193              0.7671490
S 12 1.0
   45838.028901              0.0000014
    6867.704679              0.0001617
    1562.932792             -0.0002927
     442.380977              0.0052843
     144.293795             -0.0093512
      52.177756              0.0925957
      20.339125             -0.1161660
       8.380640              0.9777714
       3.528848             -1.6936053
       1.053955              0.0846848
       0.411782             -0.1920433
       0.155193              0.0788318
P 6 1.0
      49.327879              0.0055604
      11.369511              0.0381791
       3.434852              0.1495342
       1.181949              0.3537570
       0.417282              0.4529795
       0.142794              0.2463926
P 6 1.0
      49.327879              0.0073908
      11.369511              0.0464342
       3.434852              0.2094906
       1.181949              0.6880783
       0.417282             -0.2031351
       0.142794             -0.7489527
P 6 1.0
      49.327879              0.0181450
      11.369511              0.0831641
       3.434852              0.6621447
       1.181949              0.4663788
       0.417282             -1.0871256
       0.142794              0.9138727
P 6 1.0
      49.327879              0.0270247
      11.369511              0.2339813
       3.434852              1.0871045
       1.181949             -0.5725881
       0.417282              0.2122657
       0.142794             -0.2647715
D 3 1.0
       2.836878              0.1233184
       0.967958              0.5349592
       0.334986              0.5062745
D 3 1.0
       2.836878              0.4229563
       0.967958              0.7751867
       0.334986             -0.9221310
D 3 1.0
       2.836878              1.2058664
       0.967958             -0.4463293
       0.334986              0.1778925
F 2 1.0
       2.026913              0.3386645
       0.684971              0.7779519
F 2 1.0
       2.026913              1.1730658
       0.684971             -0.5106688
G 1 1.0
       1.426939              1.0000000
****
