! ANO-VT-QZ - Atomic Natural Orbital - Virial Theorem - Quadruple Zeta basis sets
!
! Please cite:
! Daniel Claudino, Ricardo Gargano, and Rodney J. Bartlett The Journal of Chemical Physics 144, 104106 (2016); https://doi.org/10.1063/1.4943275
! Daniel Claudino, Ricardo Gargano, and Rodney J. Bartlett The Journal of Chemical Physics 145, 019901 (2016); https://doi.org/10.1063/1.4954989
NA 0
S 19 1.0
 1224000.470266              0.0000048
  183200.384610              0.0000372
   41700.087545              0.0001958
   11810.024794              0.0008267
    3853.008089              0.0030025
    1391.002920              0.0097031
     542.501139              0.0282340
     224.900472              0.0732059
      97.930206              0.1628998
      44.310093              0.2887096
      20.650043              0.3468296
       9.729020              0.2068597
       4.228009              0.0328010
       1.969004             -0.0006477
       0.889002              0.0014588
       0.396401             -0.0001783
       0.069930              0.0000915
       0.032890             -0.0000825
       0.016120              0.0000292
S 19 1.0
 1224000.470266             -0.0000012
  183200.384610             -0.0000091
   41700.087545             -0.0000478
   11810.024794             -0.0002020
    3853.008089             -0.0007358
    1391.002920             -0.0023875
     542.501139             -0.0070497
     224.900472             -0.0187860
      97.930206             -0.0446151
      44.310093             -0.0897742
      20.650043             -0.1429404
       9.729020             -0.1243203
       4.228009              0.0999653
       1.969004              0.4170811
       0.889002              0.4751212
       0.396401              0.1632704
       0.069930              0.0030954
       0.032890             -0.0015526
       0.016120              0.0005578
S 19 1.0
 1224000.470266              0.0000002
  183200.384610              0.0000014
   41700.087545              0.0000072
   11810.024794              0.0000303
    3853.008089              0.0001107
    1391.002920              0.0003586
     542.501139              0.0010627
     224.900472              0.0028269
      97.930206              0.0067674
      44.310093              0.0136480
      20.650043              0.0222811
       9.729020              0.0196011
       4.228009             -0.0167711
       1.969004             -0.0773732
       0.889002             -0.1135004
       0.396401             -0.1391304
       0.069930              0.4400814
       0.032890              0.5389517
       0.016120              0.1338904
S 18 1.0
  183200.384610              0.0000004
   41700.087545              0.0000022
   11810.024794              0.0000084
    3853.008089              0.0000327
    1391.002920              0.0000962
     542.501139              0.0003035
     224.900472              0.0006557
      97.930206              0.0015561
      44.310093              0.0013407
      20.650043              0.0009984
       9.729020             -0.0045978
       4.228009              0.0120986
       1.969004              0.0105534
       0.889002              0.0239288
       0.396401             -0.0572366
       0.069930             -1.4184155
       0.032890              1.1542980
       0.016120              0.6976676
S 19 1.0
 1224000.470266              0.0000007
  183200.384610              0.0000046
   41700.087545              0.0000250
   11810.024794              0.0001026
    3853.008089              0.0003835
    1391.002920              0.0011767
     542.501139              0.0035142
     224.900472              0.0080195
      97.930206              0.0169069
      44.310093              0.0154361
      20.650043             -0.0036013
       9.729020             -0.0532767
       4.228009              0.1261306
       1.969004              0.2128953
       0.889002              0.1695599
       0.396401             -1.1591897
       0.069930              0.0739849
       0.032890             -0.6055687
       0.016120              1.0455910
S 19 1.0
 1224000.470266              0.0000001
  183200.384610              0.0000006
   41700.087545              0.0000022
   11810.024794              0.0000151
    3853.008089              0.0000278
    1391.002920              0.0001955
     542.501139              0.0001832
     224.900472              0.0016429
      97.930206             -0.0000502
      44.310093              0.0080444
      20.650043             -0.0125412
       9.729020              0.0242050
       4.228009             -0.0648144
       1.969004              0.1369250
       0.889002             -0.3582703
       0.396401              0.7336403
       0.069930              0.1864228
       0.032890             -0.1739517
       0.016120              0.7385067
P 12 1.0
     413.400868              0.0009082
      97.980206              0.0074177
      31.370066              0.0357461
      11.620024              0.1185202
       4.671010              0.2614005
       1.918004              0.3784007
       0.777502              0.3346306
       0.301301              0.1268402
       0.227500             -0.0147120
       0.075270              0.0056865
       0.031260             -0.0017097
       0.013420              0.0005471
P 12 1.0
     413.400868             -0.0000902
      97.980206             -0.0007393
      31.370066             -0.0035731
      11.620024             -0.0120141
       4.671010             -0.0267182
       1.918004             -0.0392753
       0.777502             -0.0376082
       0.301301             -0.0433233
       0.227500              0.0518003
       0.075270              0.2601917
       0.031260              0.5496836
       0.013420              0.2818718
P 12 1.0
     413.400868              0.0000850
      97.980206              0.0006304
      31.370066              0.0035174
      11.620024              0.0109432
       4.671010              0.0290237
       1.918004              0.0296982
       0.777502              0.0723899
       0.301301             -0.3325299
       0.227500              0.4180291
       0.075270              0.4496007
       0.031260             -1.2636549
       0.013420             -0.0749916
P 12 1.0
     413.400868              0.0007590
      97.980206              0.0058350
      31.370066              0.0297160
      11.620024              0.0893446
       4.671010              0.2143079
       1.918004              0.2424598
       0.777502              0.3411659
       0.301301             -1.7457029
       0.227500              2.3928736
       0.075270             -1.2420866
       0.031260              0.8202980
       0.013420              0.3330626
P 12 1.0
     413.400868              0.0000988
      97.980206              0.0015581
      31.370066              0.0035128
      11.620024              0.0276602
       4.671010             -0.0155022
       1.918004              0.0977936
       0.777502             -0.3418480
       0.301301              0.6690683
       0.227500              0.5179504
       0.075270             -0.0010365
       0.031260             -0.0307060
       0.013420              0.1385879
D 3 1.0
       0.153800              0.2562454
       0.086500              0.4061855
       0.048700              0.4158249
D 3 1.0
       0.153800              2.6134022
       0.086500             -3.3285291
       0.048700              1.6409024
D 3 1.0
       0.153800              1.0335089
       0.086500              0.3357897
       0.048700             -0.9648889
F 2 1.0
       0.191200              0.1163565
       0.103600              0.9031876
F 2 1.0
       0.191200              1.1129505
       0.103600             -0.1433800
G 1 1.0
       0.172200              1.0000000
****
