! ANO-VT-QZ - Atomic Natural Orbital - Virial Theorem - Quadruple Zeta basis sets
!
! Please cite:
! Daniel Claudino, Ricardo Gargano, and Rodney J. Bartlett The Journal of Chemical Physics 144, 104106 (2016); https://doi.org/10.1063/1.4943275
! Daniel Claudino, Ricardo Gargano, and Rodney J. Bartlett The Journal of Chemical Physics 145, 019901 (2016); https://doi.org/10.1063/1.4954989
NE 0
S 12 1.0
   99918.701044              0.0000526
   14959.805521              0.0004096
    3398.955813              0.0021482
     958.887534              0.0090146
     311.195954              0.0313927
     111.698548              0.0908499
      43.319437              0.1996235
      17.799769              0.3040145
       7.502902              0.1916208
       2.336970             -0.2728395
       0.900088             -0.5298988
       0.330096             -0.2547933
S 12 1.0
   99918.701044              0.0000713
   14959.805521              0.0005536
    3398.955813              0.0029113
     958.887534              0.0121155
     311.195954              0.0420631
     111.698548              0.1176760
      43.319437              0.2462620
      17.799769              0.3058847
       7.502902              0.1562402
       2.336970              0.1346204
       0.900088              0.2247220
       0.330096              0.1114996
S 12 1.0
   99918.701044              0.0000115
   14959.805521              0.0000870
    3398.955813              0.0004747
     958.887534              0.0018362
     311.195954              0.0065715
     111.698548              0.0141627
      43.319437              0.0239508
      17.799769             -0.0452898
       7.502902             -0.0413264
       2.336970              1.1789176
       0.900088             -0.1724058
       0.330096             -0.9642861
S 12 1.0
   99918.701044              0.0000078
   14959.805521              0.0000220
    3398.955813              0.0004018
     958.887534              0.0000203
     311.195954              0.0069293
     111.698548             -0.0116185
      43.319437              0.0479432
      17.799769             -0.2533400
       7.502902              0.3161277
       2.336970              0.8643063
       0.900088             -1.0583661
       0.330096              1.2453286
S 12 1.0
   99918.701044              0.0001630
   14959.805521              0.0001506
    3398.955813             -0.0003515
     958.887534              0.0050313
     311.195954             -0.0103994
     111.698548              0.0891611
      43.319437             -0.1278107
      17.799769              1.0379140
       7.502902             -1.7962991
       2.336970              0.1690914
       0.900088             -0.3135668
       0.330096              0.2891008
P 6 1.0
      99.678704              0.0066005
      23.149699              0.0462023
       7.107908              0.1747576
       2.440968              0.3657148
       0.833889              0.4298866
       0.266197              0.2503595
P 6 1.0
      99.678704              0.0094584
      23.149699              0.0629328
       7.107908              0.2843108
       2.440968              0.6241843
       0.833889             -0.2571405
       0.266197             -0.6805722
P 6 1.0
      99.678704              0.0182957
      23.149699              0.0758560
       7.107908              0.6675017
       2.440968              0.3115650
       0.833889             -1.1255621
       0.266197              0.9971408
P 6 1.0
      99.678704              0.0277129
      23.149699              0.2372950
       7.107908              1.1359907
       2.440968             -0.7112037
       0.833889              0.2664256
       0.266197             -0.2560503
D 3 1.0
       6.470916              0.1235250
       2.212971              0.5443784
       0.746990              0.5004735
D 3 1.0
       6.470916              0.4138918
       2.212971              0.7588588
       0.746990             -0.9275861
D 3 1.0
       6.470916              1.2027498
       2.212971             -0.4373581
       0.746990              0.1788678
F 2 1.0
       4.656939              0.2960751
       1.523980              0.8153649
F 2 1.0
       4.656939              1.1474221
       1.523980             -0.4166517
G 1 1.0
       2.982961              1.0000000
****
