! ANO-VT-QZ - Atomic Natural Orbital - Virial Theorem - Quadruple Zeta basis sets
!
! Please cite:
! Daniel Claudino, Ricardo Gargano, and Rodney J. Bartlett The Journal of Chemical Physics 144, 104106 (2016); https://doi.org/10.1063/1.4943275
! Daniel Claudino, Ricardo Gargano, and Rodney J. Bartlett The Journal of Chemical Physics 145, 019901 (2016); https://doi.org/10.1063/1.4954989
O 0
S 12 1.0
   61415.712959              0.0000546
    9198.357921              0.0004249
    2090.854051              0.0022248
     590.858756              0.0092968
     192.286578              0.0321028
      69.315162              0.0915543
      26.968118              0.1982503
      11.099225              0.2989321
       4.681673              0.1933253
       1.427900             -0.2670406
       0.554661             -0.5283289
       0.206686             -0.2580168
S 12 1.0
   61415.712959              0.0000746
    9198.357921              0.0005794
    2090.854051              0.0030405
     590.858756              0.0126076
     192.286578              0.0433934
      69.315162              0.1198606
      26.968118              0.2478427
      11.099225              0.3065254
       4.681673              0.1537938
       1.427900              0.1315227
       0.554661              0.2244010
       0.206686              0.1135933
S 12 1.0
   61415.712959              0.0000111
    9198.357921              0.0000840
    2090.854051              0.0004528
     590.858756              0.0017732
     192.286578              0.0061972
      69.315162              0.0138068
      26.968118              0.0232774
      11.099225             -0.0300788
       4.681673             -0.0481875
       1.427900              1.0254437
       0.554661              0.0025878
       0.206686             -1.1139365
S 12 1.0
   61415.712959              0.0000102
    9198.357921              0.0000524
    2090.854051              0.0004733
     590.858756              0.0007926
     192.286578              0.0073106
      69.315162             -0.0027298
      26.968118              0.0375965
      11.099225             -0.1956298
       4.681673              0.1967543
       1.427900              1.1900372
       0.554661             -1.1585933
       0.206686              1.0903723
S 12 1.0
   61415.712959              0.0001646
    9198.357921              0.0001490
    2090.854051             -0.0003727
     590.858756              0.0050223
     192.286578             -0.0107023
      69.315162              0.0897958
      26.968118             -0.1289480
      11.099225              1.0030257
       4.681673             -1.7304215
       1.427900              0.1065148
       0.554661             -0.2230658
       0.206686              0.1436737
P 6 1.0
      63.415573              0.0060788
      14.658977              0.0420374
       4.458689              0.1621696
       1.530893              0.3605474
       0.530163              0.4390524
       0.174988              0.2516607
P 6 1.0
      63.415573              0.0075628
      14.658977              0.0489427
       4.458689              0.2186506
       1.530893              0.6124362
       0.530163             -0.1309351
       0.174988             -0.7982444
P 6 1.0
      63.415573              0.0168943
      14.658977              0.0812968
       4.458689              0.5878529
       1.530893              0.6288670
       0.530163             -1.2289136
       0.174988              0.8502282
P 6 1.0
      63.415573              0.0279242
      14.658977              0.2150436
       4.458689              1.1271209
       1.530893             -0.5944873
       0.530163              0.1409089
       0.174988             -0.1570369
D 3 1.0
       3.774737              0.1289205
       1.299909              0.5453188
       0.443969              0.4933503
D 3 1.0
       3.774737              0.4192048
       1.299909              0.7508834
       0.443969             -0.9395250
D 3 1.0
       3.774737              1.2091426
       1.299909             -0.4491726
       0.443969              0.1805188
F 2 1.0
       2.665814              0.3351636
       0.858940              0.7883704
F 2 1.0
       2.665814              1.1527496
       0.858940             -0.4900738
G 1 1.0
       1.845871              1.0000000
****
