! ANO-VT-QZ - Atomic Natural Orbital - Virial Theorem - Quadruple Zeta basis sets
!
! Please cite:
! Daniel Claudino, Ricardo Gargano, and Rodney J. Bartlett The Journal of Chemical Physics 144, 104106 (2016); https://doi.org/10.1063/1.4943275
! Daniel Claudino, Ricardo Gargano, and Rodney J. Bartlett The Journal of Chemical Physics 145, 019901 (2016); https://doi.org/10.1063/1.4954989
P 0
S 16 1.0
  615201.253671              0.0000099
   92120.187725              0.0000767
   20950.042692              0.0004038
    5920.012064              0.0017050
    1922.003917              0.0061927
     688.001402              0.0197197
     265.000540              0.0545781
     108.200220              0.1232096
      46.220094              0.2070714
      20.230041              0.1817890
       7.859016             -0.1217419
       3.547007             -0.5342405
       1.564003             -0.5024395
       0.488801              0.1793699
       0.226600              0.5071826
       0.093310              0.2118833
S 16 1.0
  615201.253671              0.0000162
   92120.187725              0.0001260
   20950.042692              0.0006631
    5920.012064              0.0027999
    1922.003917              0.0101209
     688.001402              0.0320072
     265.000540              0.0865202
     108.200220              0.1865569
      46.220094              0.2780505
      20.230041              0.2053337
       7.859016             -0.0382983
       3.547007             -0.2018733
       1.564003             -0.0590732
       0.488801             -0.1758198
       0.226600             -0.3906570
       0.093310             -0.1691082
S 16 1.0
  615201.253671              0.0000175
   92120.187725              0.0001363
   20950.042692              0.0007165
    5920.012064              0.0030248
    1922.003917              0.0108938
     688.001402              0.0342361
     265.000540              0.0907077
     108.200220              0.1873095
      46.220094              0.2457275
      20.230041              0.1409714
       7.859016              0.0964650
       3.547007              0.2331314
       1.564003              0.1422415
       0.488801              0.0743860
       0.226600              0.1483683
       0.093310              0.0655085
S 16 1.0
  615201.253671              0.0000011
   92120.187725              0.0000091
   20950.042692              0.0000486
    5920.012064              0.0001992
    1922.003917              0.0007317
     688.001402              0.0021527
     265.000540              0.0055715
     108.200220              0.0084891
      46.220094              0.0051464
      20.230041             -0.0121523
       7.859016              0.0345227
       3.547007              0.0213433
       1.564003             -0.1662831
       0.488801              1.6499687
       0.226600             -0.4109349
       0.093310             -0.7349867
S 16 1.0
  615201.253671              0.0000049
   92120.187725              0.0000020
   20950.042692              0.0000150
    5920.012064              0.0000399
    1922.003917              0.0002482
     688.001402              0.0003403
     265.000540              0.0021991
     108.200220             -0.0004283
      46.220094              0.0074934
      20.230041             -0.0205464
       7.859016              0.0598438
       3.547007             -0.1619021
       1.564003              0.1436447
       0.488801              0.4233482
       0.226600             -0.7075370
       0.093310              1.3119767
S 16 1.0
  615201.253671              0.0000093
   92120.187725              0.0000073
   20950.042692              0.0000087
    5920.012064              0.0002048
    1922.003917             -0.0000309
     688.001402              0.0028767
     265.000540             -0.0028796
     108.200220              0.0236107
      46.220094             -0.0505503
      20.230041              0.1124989
       7.859016             -0.2089898
       3.547007              1.1590311
       1.564003             -1.4691411
       0.488801             -0.1573075
       0.226600             -0.3324027
       0.093310              0.1869735
P 11 1.0
    1367.002786              0.0004318
     324.000660              0.0037001
     104.600213              0.0194220
      39.370080              0.0724260
      16.260033              0.1937780
       7.056014              0.3488140
       3.130006              0.3973722
       1.394003              0.1912442
       0.517901             -0.0854257
       0.203200             -0.1714370
       0.076980             -0.0795212
P 11 1.0
    1367.002786              0.0001479
     324.000660              0.0012755
     104.600213              0.0066138
      39.370080              0.0246474
      16.260033              0.0640336
       7.056014              0.1152977
       3.130006              0.1193042
       1.394003              0.0928952
       0.517901              0.2882697
       0.203200              0.4546249
       0.076980              0.2157004
P 11 1.0
    1367.002786              0.0000068
     324.000660              0.0000373
     104.600213              0.0003566
      39.370080              0.0010314
      16.260033              0.0062894
       7.056014              0.0102013
       3.130006              0.0344887
       1.394003              0.0033313
       0.517901             -0.9860194
       0.203200              0.2260630
       0.076980              0.8133263
P 11 1.0
    1367.002786              0.0001064
     324.000660              0.0002000
     104.600213              0.0050398
      39.370080              0.0031755
      16.260033              0.0646689
       7.056014             -0.0150770
       3.130006              0.3097915
       1.394003             -0.5585283
       0.517901             -0.7319650
       0.203200              1.0571616
       0.076980             -1.1923856
P 11 1.0
    1367.002786              0.0003158
     324.000660              0.0015912
     104.600213              0.0147966
      39.370080              0.0314422
      16.260033              0.1797439
       7.056014              0.1059094
       3.130006              0.5928317
       1.394003             -1.5642138
       0.517901              0.3125938
       0.203200             -0.2970393
       0.076980              0.4400317
D 3 1.0
       0.165000              0.4095059
       0.413001              0.5585497
       1.036002              0.1703731
D 3 1.0
       0.165000              1.1879685
       0.413001             -0.7626793
       1.036002             -0.3550188
D 3 1.0
       0.165000              0.0878016
       0.413001             -0.4467179
       1.036002              1.2534772
F 2 1.0
       0.280001              0.6377063
       0.703001              0.4667232
F 2 1.0
       0.280001              0.9353196
       0.703001             -1.2779720
G 1 1.0
       0.597001              1.0000000
****
