! ANO-VT-QZ - Atomic Natural Orbital - Virial Theorem - Quadruple Zeta basis sets
!
! Please cite:
! Daniel Claudino, Ricardo Gargano, and Rodney J. Bartlett The Journal of Chemical Physics 144, 104106 (2016); https://doi.org/10.1063/1.4943275
! Daniel Claudino, Ricardo Gargano, and Rodney J. Bartlett The Journal of Chemical Physics 145, 019901 (2016); https://doi.org/10.1063/1.4954989
SI 0
S 16 1.0
  513000.863078              0.0000106
   76820.129243              0.0000825
   17470.029392              0.0004346
    4935.008303              0.0018348
    1602.002695              0.0066571
     574.100966              0.0210664
     221.500373              0.0578670
      90.540152              0.1285911
      38.740065              0.2110464
      16.950029              0.1754003
       6.452011             -0.1411441
       2.874005             -0.5294710
       1.250002             -0.4744719
       0.359901              0.1775316
       0.169900              0.4877361
       0.070660              0.1971954
S 16 1.0
  513000.863078              0.0000167
   76820.129243              0.0001298
   17470.029392              0.0006829
    4935.008303              0.0028833
    1602.002695              0.0104107
     574.100966              0.0327315
     221.500373              0.0878427
      90.540152              0.1867599
      38.740065              0.2722614
      16.950029              0.1923926
       6.452011             -0.0489319
       2.874005             -0.2027835
       1.250002             -0.0519198
       0.359901             -0.1791226
       0.169900             -0.3997665
       0.070660             -0.1683469
S 16 1.0
  513000.863078              0.0000187
   76820.129243              0.0001456
   17470.029392              0.0007654
    4935.008303              0.0032320
    1602.002695              0.0116222
     574.100966              0.0363256
     221.500373              0.0954940
      90.540152              0.1945660
      38.740065              0.2488924
      16.950029              0.1382834
       6.452011              0.1016904
       2.874005              0.2348857
       1.250002              0.1360283
       0.359901              0.0712183
       0.169900              0.1439021
       0.070660              0.0621361
S 16 1.0
  513000.863078              0.0000011
   76820.129243              0.0000088
   17470.029392              0.0000472
    4935.008303              0.0001917
    1602.002695              0.0007136
     574.100966              0.0020402
     221.500373              0.0053720
      90.540152              0.0075210
      38.740065              0.0047491
      16.950029             -0.0133537
       6.452011              0.0434524
       2.874005              0.0075249
       1.250002             -0.1422177
       0.359901              1.6682330
       0.169900             -0.4443328
       0.070660             -0.6936985
S 16 1.0
  513000.863078              0.0000046
   76820.129243              0.0000018
   17470.029392              0.0000148
    4935.008303              0.0000333
    1602.002695              0.0002472
     574.100966              0.0002446
     221.500373              0.0022478
      90.540152             -0.0012190
      38.740065              0.0085970
      16.950029             -0.0227217
       6.452011              0.0647630
       2.874005             -0.1738435
       1.250002              0.1698196
       0.359901              0.3758127
       0.169900             -0.6605425
       0.070660              1.2947213
S 16 1.0
  513000.863078              0.0000086
   76820.129243              0.0000059
   17470.029392              0.0002556
    4935.008303              0.0001753
    1602.002695             -0.0001650
     574.100966              0.0025739
     221.500373             -0.0040203
      90.540152              0.0225518
      38.740065             -0.0515495
      16.950029              0.1143131
       6.452011             -0.2200312
       2.874005              1.1162910
       1.250002             -1.4747064
       0.359901             -0.1282207
       0.169900             -0.3510303
       0.070660              0.2148237
P 11 1.0
    1122.001888              0.0004573
     266.000448              0.0038934
      85.920145              0.0202204
      32.330054              0.0742072
      13.370022              0.1939948
       5.800010              0.3429821
       2.559004              0.3891577
       1.124002              0.2029965
       0.398801             -0.0209982
       0.153300             -0.0758164
       0.057280             -0.0351856
P 11 1.0
    1122.001888              0.0000750
     266.000448              0.0006456
      85.920145              0.0032813
      32.330054              0.0120270
      13.370022              0.0298204
       5.800010              0.0529795
       2.559004              0.0495163
       1.124002              0.0501546
       0.398801              0.2945295
       0.153300              0.5173810
       0.057280              0.2545848
P 11 1.0
    1122.001888              0.0000017
     266.000448              0.0000035
      85.920145              0.0000431
      32.330054             -0.0001654
      13.370022             -0.0012292
       5.800010             -0.0071274
       2.559004             -0.0165784
       1.124002             -0.0485593
       0.398801              0.9635459
       0.153300             -0.1209508
       0.057280             -0.8544994
P 11 1.0
    1122.001888              0.0000962
     266.000448              0.0001172
      85.920145              0.0044979
      32.330054              0.0011235
      13.370022              0.0567568
       5.800010             -0.0253563
       2.559004              0.2874851
       1.124002             -0.4481454
       0.398801             -0.8942874
       0.153300              1.0863038
       0.057280             -1.1421539
P 11 1.0
    1122.001888              0.0003286
     266.000448              0.0013881
      85.920145              0.0151965
      32.330054              0.0252253
      13.370022              0.1798038
       5.800010              0.0551181
       2.559004              0.6640021
       1.124002             -1.5516096
       0.398801              0.2316683
       0.153300             -0.2439367
       0.057280              0.3703303
D 3 1.0
       0.120000              0.4013651
       0.302001              0.5682874
       0.760001              0.1681383
D 3 1.0
       0.120000              1.1761143
       0.302001             -0.7200480
       0.760001             -0.3738414
D 3 1.0
       0.120000              0.1195945
       0.302001             -0.4551742
       0.760001              1.2529487
F 2 1.0
       0.212000              0.6513945
       0.541001              0.4553623
F 2 1.0
       0.212000              0.8873588
       0.541001             -1.2693642
G 1 1.0
       0.461001              1.0000000
****
