! FANO-DZ - Frozen Atomic Natural Orbital- Double Zeta basis sets
!
! Please cite
! Daniel Claudino and Rodney J. Bartlett The Journal of Chemical Physics 149, 064105 (2018); https://doi.org/10.1063/1.5039741
C 0
S 14 1.0
   50386.751090              0.0000934
    8819.237363              0.0006154
    2086.732156              0.0031621
     612.879587              0.0124403
     209.423402              0.0411252
      79.386377              0.1168228
      32.275283              0.2802431
      13.749178              0.5308248
       6.038585              0.6810579
       2.700522              0.3969034
       1.215047              0.0455190
       0.541838             -0.0125534
       0.234443             -0.0226724
       0.095425             -0.0083165
S 14 1.0
   50386.751090              0.0000139
    8819.237363              0.0000915
    2086.732156              0.0004703
     612.879587              0.0018585
     209.423402              0.0062066
      79.386377              0.0181043
      32.275283              0.0459208
      13.749178              0.0984414
       6.038585              0.1698311
       2.700522              0.1770090
       1.215047             -0.0838538
       0.541838             -0.5308223
       0.234443             -0.7427827
       0.095425             -0.2951711
S 14 1.0
   50386.751090              0.0000086
    8819.237363              0.0000568
    2086.732156              0.0002901
     612.879587              0.0011585
     209.423402              0.0038228
      79.386377              0.0114048
      32.275283              0.0285736
      13.749178              0.0638623
       6.038585              0.1078515
       2.700522              0.1442426
       1.215047             -0.2565399
       0.541838             -0.7290224
       0.234443              0.3065725
       0.095425              0.5208148
P 8 1.0
      83.151321              0.0021274
      19.592449              0.0166142
       6.047625              0.0734270
       2.189224              0.2282381
       0.870064              0.4839788
       0.364805              0.6479795
       0.156241              0.5172421
       0.065455              0.1434680
P 8 1.0
      83.151321              0.0018118
      19.592449              0.0138614
       6.047625              0.0555838
       2.189224              0.1654087
       0.870064              0.6371340
       0.364805              0.6241665
       0.156241              0.1099289
       0.065455             -0.4021779
D 6 1.0
       5.236013              0.0170162
       2.579144              0.0514396
       1.270429              0.2818154
       0.625785              0.6665221
       0.308248              0.6067801
       0.151836              0.3243620
****
