! FANO-DZ - Frozen Atomic Natural Orbital- Double Zeta basis sets
!
! Please cite
! Daniel Claudino and Rodney J. Bartlett The Journal of Chemical Physics 149, 064105 (2018); https://doi.org/10.1063/1.5039741
F 0
S 14 1.0
  121062.945500              0.0000921
   19158.181820              0.0006883
    4354.827393              0.0036045
    1271.994551              0.0140176
     439.628112              0.0451112
     169.588390              0.1248795
      70.202116              0.2935847
      30.413136              0.5464534
      13.573606              0.6745756
       6.170823              0.3736873
       2.824181              0.0420379
       1.279087             -0.0150644
       0.557780             -0.0243646
       0.224436             -0.0086441
S 14 1.0
  121062.945500              0.0000148
   19158.181820              0.0001105
    4354.827393              0.0005792
    1271.994551              0.0022640
     439.628112              0.0073734
     169.588390              0.0210451
      70.202116              0.0527382
      30.413136              0.1130121
      13.573606              0.1893789
       6.170823              0.1697355
       2.824181             -0.1370043
       1.279087             -0.5650205
       0.557780             -0.7156708
       0.224436             -0.2628052
S 14 1.0
  121062.945500              0.0000089
   19158.181820              0.0000670
    4354.827393              0.0003495
    1271.994551              0.0013758
     439.628112              0.0044466
     169.588390              0.0128938
      70.202116              0.0320670
      30.413136              0.0710594
      13.573606              0.1218620
       6.170823              0.1347683
       2.824181             -0.3297330
       1.279087             -0.6910919
       0.557780              0.3843896
       0.224436              0.4760611
P 10 1.0
     354.594487              0.0008764
      94.058585              0.0061813
      32.292988              0.0274322
      13.380424              0.0802137
       6.232206              0.1847667
       3.052498              0.3439764
       1.485040              0.5135391
       0.688077              0.5983117
       0.297126              0.4515944
       0.120061              0.1211566
P 10 1.0
     354.594487              0.0007646
      94.058585              0.0054083
      32.292988              0.0243714
      13.380424              0.0710079
       6.232206              0.1787299
       3.052498              0.4091166
       1.485040              0.4547729
       0.688077             -0.2073505
       0.297126             -0.6699464
       0.120061             -0.3104392
D 7 1.0
      15.937332              0.0171498
       8.164929              0.0313011
       4.183013              0.1939332
       2.143019              0.5010858
       1.097900              0.7080913
       0.562470              0.4188931
       0.288162              0.1821107
****
