! FANO-DZ - Frozen Atomic Natural Orbital- Double Zeta basis sets
!
! Please cite
! Daniel Claudino and Rodney J. Bartlett The Journal of Chemical Physics 149, 064105 (2018); https://doi.org/10.1063/1.5039741
N 0
S 14 1.0
   73027.099530              0.0000861
   13006.935700              0.0005565
    3085.005202              0.0028746
     902.496498              0.0114056
     306.876905              0.0380392
     115.966165              0.1089295
      47.115369              0.2648738
      20.089438              0.5127249
       8.829739              0.6836002
       3.942689              0.4263029
       1.763915              0.0562035
       0.778149             -0.0178354
       0.331504             -0.0292326
       0.132548             -0.0113544
S 14 1.0
   73027.099530              0.0000127
   13006.935700              0.0000824
    3085.005202              0.0004259
     902.496498              0.0016970
     306.876905              0.0057192
     115.966165              0.0168171
      47.115369              0.0432958
      20.089438              0.0949091
       8.829739              0.1687003
       3.942689              0.1808815
       1.763915             -0.0795995
       0.778149             -0.5388887
       0.331504             -0.7343445
       0.132548             -0.3026917
S 14 1.0
   73027.099530              0.0000081
   13006.935700              0.0000530
    3085.005202              0.0002717
     902.496498              0.0010962
     306.876905              0.0036387
     115.966165              0.0109600
      47.115369              0.0276608
      20.089438              0.0633387
       8.829739              0.1091879
       3.942689              0.1477906
       1.763915             -0.2401707
       0.778149             -0.7222937
       0.331504              0.2466300
       0.132548              0.5666638
P 9 1.0
     151.493599              0.0014016
      40.959884              0.0089248
      14.437011              0.0361072
       5.853244              0.1088272
       2.553179              0.2647524
       1.159598              0.4758313
       0.535991              0.6036089
       0.242948              0.5381675
       0.100128              0.1905101
P 9 1.0
     151.493599              0.0010787
      40.959884              0.0070709
      14.437011              0.0274723
       5.853244              0.0804627
       2.553179              0.2320473
       1.159598              0.5961968
       0.535991              0.1862449
       0.242948             -0.3231860
       0.100128             -0.6665486
D 6 1.0
      11.612785              0.0072799
       5.351653              0.0277046
       2.466264              0.1646585
       1.136557              0.5873112
       0.523772              0.6803181
       0.241376              0.4053391
****
