! FANO-DZ - Frozen Atomic Natural Orbital- Double Zeta basis sets
!
! Please cite
! Daniel Claudino and Rodney J. Bartlett The Journal of Chemical Physics 149, 064105 (2018); https://doi.org/10.1063/1.5039741
NE 0
S 15 1.0
  312544.687300              0.0000106
   50787.706920              0.0000778
   11399.442970              0.0004237
    3219.293994              0.0017529
    1067.066366              0.0060636
     395.014065              0.0181540
     157.907128              0.0468455
      66.708968              0.0974566
      29.385917              0.1384550
      13.375388              0.0740060
       6.235797             -0.0030151
       2.941545              0.2580262
       1.376626              0.6259235
       0.619667              0.6779816
       0.256177              0.2127571
S 15 1.0
  312544.687300              0.0000295
   50787.706920              0.0002163
   11399.442970              0.0011790
    3219.293994              0.0048850
    1067.066366              0.0169807
     395.014065              0.0514340
     157.907128              0.1366386
      66.708968              0.3041176
      29.385917              0.5197335
      13.375388              0.5553849
       6.235797              0.2401261
       2.941545             -0.1121701
       1.376626             -0.3201745
       0.619667             -0.3500175
       0.256177             -0.1097327
S 15 1.0
  312544.687300              0.0000036
   50787.706920              0.0000266
   11399.442970              0.0001453
    3219.293994              0.0006037
    1067.066366              0.0021116
     395.014065              0.0065082
     157.907128              0.0179719
      66.708968              0.0435219
      29.385917              0.0884961
      13.375388              0.1421050
       6.235797              0.0729318
       2.941545             -0.5022446
       1.376626             -0.5471105
       0.619667              0.5171166
       0.256177              0.3813162
P 10 1.0
     559.259319              0.0006302
     135.663970              0.0054278
      42.989511              0.0278549
      16.759169              0.0891202
       7.526876              0.2067340
       3.645253              0.3649067
       1.790320              0.5124487
       0.847007              0.5778962
       0.372261              0.4493234
       0.149594              0.1299875
P 10 1.0
     559.259319              0.0005594
     135.663970              0.0048435
      42.989511              0.0252494
      16.759169              0.0818580
       7.526876              0.2098889
       3.645253              0.4372718
       1.790320              0.3932896
       0.847007             -0.2421432
       0.372261             -0.6810939
       0.149594             -0.2831590
D 7 1.0
      24.352731              0.0120698
      12.176305              0.0249500
       6.088122              0.1501837
       3.044046              0.4542005
       1.522015              0.7208542
       0.761004              0.4573332
       0.380500              0.2039464
****
