! FANO-DZ - Frozen Atomic Natural Orbital- Double Zeta basis sets
!
! Please cite
! Daniel Claudino and Rodney J. Bartlett The Journal of Chemical Physics 149, 064105 (2018); https://doi.org/10.1063/1.5039741
O 0
S 14 1.0
  104579.418100              0.0000774
   18684.830510              0.0005020
    4378.146727              0.0026527
    1261.924359              0.0107314
     424.737667              0.0361369
     160.103124              0.1034337
      65.371390              0.2512464
      28.151246              0.4901427
      12.510194              0.6786310
       5.630780              0.4655847
       2.522699              0.0785387
       1.105114             -0.0153977
       0.463949             -0.0261916
       0.182214             -0.0103902
S 14 1.0
  104579.418100              0.0000119
   18684.830510              0.0000770
    4378.146727              0.0004068
    1261.924359              0.0016539
     424.737667              0.0056181
     160.103124              0.0165218
      65.371390              0.0422938
      28.151246              0.0930722
      12.510194              0.1669202
       5.630780              0.1896226
       2.522699             -0.0556710
       1.105114             -0.5241530
       0.463949             -0.7471932
       0.182214             -0.2988124
S 14 1.0
  104579.418100              0.0000073
   18684.830510              0.0000475
    4378.146727              0.0002495
    1261.924359              0.0010244
     424.737667              0.0034386
     160.103124              0.0103203
      65.371390              0.0260125
      28.151246              0.0596369
      12.510194              0.1052923
       5.630780              0.1502915
       2.522699             -0.1937410
       1.105114             -0.7498003
       0.463949              0.2575908
       0.182214              0.5439524
P 9 1.0
     210.173390              0.0013664
      53.084551              0.0100475
      17.758267              0.0433518
       7.106953              0.1273811
       3.127487              0.2914642
       1.415803              0.4960115
       0.628021              0.6205979
       0.264789              0.4950932
       0.104859              0.1433668
P 9 1.0
     210.173390              0.0011643
      53.084551              0.0086250
      17.758267              0.0372816
       7.106953              0.1084991
       3.127487              0.3113215
       1.415803              0.5715529
       0.628021              0.0092096
       0.264789             -0.6151437
       0.104859             -0.4297464
D 6 1.0
      14.611416              0.0095546
       6.700159              0.0343920
       3.072401              0.2074507
       1.408869              0.6425146
       0.646046              0.6576428
       0.296249              0.3322214
****
