! FANO-QZ - Frozen Atomic Natural Orbital- Quadruple Zeta basis sets
!
! Please cite
! Daniel Claudino and Rodney J. Bartlett The Journal of Chemical Physics 149, 064105 (2018); https://doi.org/10.1063/1.5039741
C 0
S 14 1.0
   50386.751090              0.0000934
    8819.237363              0.0006154
    2086.732156              0.0031621
     612.879587              0.0124403
     209.423402              0.0411252
      79.386377              0.1168228
      32.275283              0.2802431
      13.749178              0.5308248
       6.038585              0.6810579
       2.700522              0.3969034
       1.215047              0.0455190
       0.541838             -0.0125534
       0.234443             -0.0226724
       0.095425             -0.0083165
S 14 1.0
   50386.751090              0.0000139
    8819.237363              0.0000915
    2086.732156              0.0004703
     612.879587              0.0018585
     209.423402              0.0062066
      79.386377              0.0181043
      32.275283              0.0459208
      13.749178              0.0984414
       6.038585              0.1698311
       2.700522              0.1770090
       1.215047             -0.0838538
       0.541838             -0.5308223
       0.234443             -0.7427827
       0.095425             -0.2951711
S 14 1.0
   50386.751090              0.0000086
    8819.237363              0.0000568
    2086.732156              0.0002901
     612.879587              0.0011585
     209.423402              0.0038228
      79.386377              0.0114048
      32.275283              0.0285736
      13.749178              0.0638623
       6.038585              0.1078515
       2.700522              0.1442426
       1.215047             -0.2565399
       0.541838             -0.7290224
       0.234443              0.3065725
       0.095425              0.5208148
S 14 1.0
   50386.751090              0.0000056
    8819.237363              0.0000375
    2086.732156              0.0001910
     612.879587              0.0007690
     209.423402              0.0025366
      79.386377              0.0077970
      32.275283              0.0202159
      13.749178              0.0468917
       6.038585              0.0828557
       2.700522              0.0908409
       1.215047             -0.6064234
       0.541838              0.1916865
       0.234443              0.5794554
       0.095425             -0.4918800
S 14 1.0
   50386.751090              0.0000030
    8819.237363              0.0000141
    2086.732156              0.0001145
     612.879587              0.0002335
     209.423402              0.0018058
      79.386377              0.0018132
      32.275283              0.0187119
      13.749178              0.0021735
       6.038585              0.1134263
       2.700522             -0.1771451
       1.215047             -0.2431160
       0.541838              0.6903571
       0.234443             -0.5943428
       0.095425              0.2577808
P 8 1.0
      83.151321              0.0021274
      19.592449              0.0166142
       6.047625              0.0734270
       2.189224              0.2282381
       0.870064              0.4839788
       0.364805              0.6479795
       0.156241              0.5172421
       0.065455              0.1434680
P 8 1.0
      83.151321              0.0018118
      19.592449              0.0138614
       6.047625              0.0555838
       2.189224              0.1654087
       0.870064              0.6371340
       0.364805              0.6241665
       0.156241              0.1099289
       0.065455             -0.4021779
P 8 1.0
      83.151321              0.0009433
      19.592449              0.0080271
       6.047625              0.0332357
       2.189224              0.1298832
       0.870064              0.3887214
       0.364805             -0.1875256
       0.156241             -0.5998300
       0.065455             -0.6602228
P 8 1.0
      83.151321              0.0011754
      19.592449              0.0127233
       6.047625              0.0435256
       2.189224              0.2318902
       0.870064              0.2680426
       0.364805             -0.2856108
       0.156241             -0.5382131
       0.065455              0.7078669
D 6 1.0
       5.236013              0.0170162
       2.579144              0.0514396
       1.270429              0.2818154
       0.625785              0.6665221
       0.308248              0.6067801
       0.151836              0.3243620
D 6 1.0
       5.236013              0.0131308
       2.579144              0.0619977
       1.270429              0.6803413
       0.625785              0.2815682
       0.308248             -0.5274367
       0.151836             -0.4191055
D 6 1.0
       5.236013              0.0034995
       2.579144              0.2947006
       1.270429              0.3915393
       0.625785             -0.7726300
       0.308248              0.0312748
       0.151836              0.4023692
F 5 1.0
       4.800000              0.0110905
       2.400000              0.0482436
       1.200000              0.4945979
       0.600000              0.7089697
       0.300000              0.5002843
F 5 1.0
       4.800000             -0.0204378
       2.400000              0.2264658
       1.200000              0.7098712
       0.600000             -0.1819649
       0.300000             -0.6413011
G 4 1.0
       2.955524              0.0174571
       1.502879              0.4512965
       0.764211              0.7939631
       0.388600              0.4070004
****
