! FANO-QZ - Frozen Atomic Natural Orbital- Quadruple Zeta basis sets
!
! Please cite
! Daniel Claudino and Rodney J. Bartlett The Journal of Chemical Physics 149, 064105 (2018); https://doi.org/10.1063/1.5039741
HE 0
S 10 1.0
    4830.039864              0.0001051
     729.242971              0.0008274
     162.927888              0.0043958
      46.500237              0.0177745
      15.381158              0.0604393
       5.557872              0.1727267
       2.123589              0.3838561
       0.843040              0.6199012
       0.342850              0.6227484
       0.139687              0.2161898
S 10 1.0
    4830.039864              0.0000824
     729.242971              0.0006520
     162.927888              0.0034762
      46.500237              0.0146714
      15.381158              0.0561758
       5.557872              0.2230841
       2.123589              0.5782693
       0.843040              0.2023253
       0.342850             -0.6774590
       0.139687             -0.3355122
S 10 1.0
    4830.039864              0.0000596
     729.242971              0.0005441
     162.927888              0.0024209
      46.500237              0.0144866
      15.381158              0.0623797
       5.557872              0.3977541
       2.123589              0.0802949
       0.843040             -0.8235630
       0.342850              0.2584255
       0.139687              0.2935940
S 10 1.0
    4830.039864              0.0000589
     729.242971              0.0002074
     162.927888              0.0032522
      46.500237              0.0053563
      15.381158              0.1341775
       5.557872              0.2763735
       2.123589             -0.7578268
       0.843040              0.4856701
       0.342850              0.1521856
       0.139687             -0.2687700
P 6 1.0
      24.318374              0.0056512
      10.335490              0.0220451
       4.392660              0.1359837
       1.866913              0.5465516
       0.793452              0.7619289
       0.337223              0.3189612
P 6 1.0
      24.318374              0.0148219
      10.335490              0.0588850
       4.392660              0.4676164
       1.866913              0.5678715
       0.793452             -0.5053722
       0.337223             -0.4469548
P 6 1.0
      24.318374              0.0184429
      10.335490              0.1847055
       4.392660              0.5239311
       1.866913             -0.6974934
       0.793452             -0.1063496
       0.337223              0.4395824
D 5 1.0
      16.140882              0.0080042
       7.002248              0.0540712
       3.037720              0.4435463
       1.317826              0.8011998
       0.571700              0.3979420
D 5 1.0
      16.140882              0.0171921
       7.002248              0.2636389
       3.037720              0.7255774
       1.317826             -0.2931458
       0.571700             -0.5637392
F 4 1.0
      12.739320              0.0057181
       5.111029              0.2433377
       2.050550              0.8556312
       0.822683              0.4567815
****
