! FANO-QZ - Frozen Atomic Natural Orbital- Quadruple Zeta basis sets
!
! Please cite
! Daniel Claudino and Rodney J. Bartlett The Journal of Chemical Physics 149, 064105 (2018); https://doi.org/10.1063/1.5039741
NE 0
S 15 1.0
  312544.687300              0.0000106
   50787.706920              0.0000778
   11399.442970              0.0004237
    3219.293994              0.0017529
    1067.066366              0.0060636
     395.014065              0.0181540
     157.907128              0.0468455
      66.708968              0.0974566
      29.385917              0.1384550
      13.375388              0.0740060
       6.235797             -0.0030151
       2.941545              0.2580262
       1.376626              0.6259235
       0.619667              0.6779816
       0.256177              0.2127571
S 15 1.0
  312544.687300              0.0000295
   50787.706920              0.0002163
   11399.442970              0.0011790
    3219.293994              0.0048850
    1067.066366              0.0169807
     395.014065              0.0514340
     157.907128              0.1366386
      66.708968              0.3041176
      29.385917              0.5197335
      13.375388              0.5553849
       6.235797              0.2401261
       2.941545             -0.1121701
       1.376626             -0.3201745
       0.619667             -0.3500175
       0.256177             -0.1097327
S 15 1.0
  312544.687300              0.0000036
   50787.706920              0.0000266
   11399.442970              0.0001453
    3219.293994              0.0006037
    1067.066366              0.0021116
     395.014065              0.0065082
     157.907128              0.0179719
      66.708968              0.0435219
      29.385917              0.0884961
      13.375388              0.1421050
       6.235797              0.0729318
       2.941545             -0.5022446
       1.376626             -0.5471105
       0.619667              0.5171166
       0.256177              0.3813162
S 15 1.0
  312544.687300              0.0000021
   50787.706920              0.0000156
   11399.442970              0.0000812
    3219.293994              0.0003605
    1067.066366              0.0011597
     395.014065              0.0040244
     157.907128              0.0098871
      66.708968              0.0294918
      29.385917              0.0495980
      13.375388              0.1358980
       6.235797             -0.1230270
       2.941545             -0.6214028
       1.376626              0.6656364
       0.619667              0.1355016
       0.256177             -0.3396719
S 15 1.0
  312544.687300              0.0000013
   50787.706920              0.0000110
   11399.442970              0.0000463
    3219.293994              0.0002693
    1067.066366              0.0005956
     395.014065              0.0032912
     157.907128              0.0045929
      66.708968              0.0278972
      29.385917              0.0185637
      13.375388              0.1900042
       6.235797             -0.5947514
       2.941545              0.4009155
       1.376626              0.2602651
       0.619667             -0.5482858
       0.256177              0.2827109
P 10 1.0
     559.259319              0.0006302
     135.663970              0.0054278
      42.989511              0.0278549
      16.759169              0.0891202
       7.526876              0.2067340
       3.645253              0.3649067
       1.790320              0.5124487
       0.847007              0.5778962
       0.372261              0.4493234
       0.149594              0.1299875
P 10 1.0
     559.259319              0.0005594
     135.663970              0.0048435
      42.989511              0.0252494
      16.759169              0.0818580
       7.526876              0.2098889
       3.645253              0.4372718
       1.790320              0.3932896
       0.847007             -0.2421432
       0.372261             -0.6810939
       0.149594             -0.2831590
P 10 1.0
     559.259319              0.0005311
     135.663970              0.0045566
      42.989511              0.0261575
      16.759169              0.0841888
       7.526876              0.2764635
       3.645253              0.3939736
       1.790320             -0.4657472
       0.847007             -0.5566839
       0.372261              0.3547612
       0.149594              0.3284612
P 10 1.0
     559.259319              0.0005081
     135.663970              0.0042087
      42.989511              0.0278286
      16.759169              0.1015585
       7.526876              0.3661971
       3.645253             -0.2999548
       1.790320             -0.5255999
       0.847007              0.6343169
       0.372261              0.0210879
       0.149594             -0.2928522
D 7 1.0
      24.352731              0.0120698
      12.176305              0.0249500
       6.088122              0.1501837
       3.044046              0.4542005
       1.522015              0.7208542
       0.761004              0.4573332
       0.380500              0.2039464
D 7 1.0
      24.352731              0.0140497
      12.176305              0.0390179
       6.088122              0.3117748
       3.044046              0.6697242
       1.522015             -0.0639989
       0.761004             -0.5378839
       0.380500             -0.3989125
D 7 1.0
      24.352731              0.0183115
      12.176305              0.0470850
       6.088122              0.5540760
       3.044046             -0.0746804
       1.522015             -0.7004122
       0.761004              0.1891441
       0.380500              0.3981427
F 6 1.0
      17.414290              0.0044945
       9.036481              0.0372098
       4.689137              0.2714300
       2.433249              0.7209350
       1.262642              0.5758230
       0.655200              0.2712961
F 6 1.0
      17.414290              0.0222880
       9.036481              0.1156093
       4.689137              0.6546730
       2.433249              0.2631713
       1.262642             -0.4486526
       0.655200             -0.5357170
G 6 1.0
      18.084644              0.0042829
       9.693173              0.0395233
       5.195436              0.2723164
       2.784697              0.7171238
       1.492568              0.5704396
       0.800000              0.2908531
****
