! ANO-VT-DZ - Atomic Natural Orbital - Virial Theorem - Double Zeta basis sets
!
! Please cite:
! Daniel Claudino, Ricardo Gargano, and Rodney J. Bartlett The Journal of Chemical Physics 144, 104106 (2016); https://doi.org/10.1063/1.4943275
! Daniel Claudino, Ricardo Gargano, and Rodney J. Bartlett The Journal of Chemical Physics 145, 019901 (2016); https://doi.org/10.1063/1.4954989
AR 0
S 12 1.0
  145703.380379              0.0000887
   21840.506709              0.0006846
    4972.115355              0.0035962
    1408.032667              0.0145803
     459.710665              0.0491104
     165.903849              0.1247059
      64.691501              0.2291577
      26.440613              0.1526565
       7.628177             -0.4800619
       2.996070             -0.6964541
       0.650415              0.4927122
       0.233705              0.4532695
S 12 1.0
  145703.380379              0.0001454
   21840.506709              0.0011245
    4972.115355              0.0058699
    1408.032667              0.0237507
     459.710665              0.0777454
     165.903849              0.1890201
      64.691501              0.2988090
      26.440613              0.1768703
       7.628177             -0.1987585
       2.996070             -0.1730038
       0.650415             -0.3985185
       0.233705             -0.3150083
S 12 1.0
  145703.380379              0.0001792
   21840.506709              0.0013912
    4972.115355              0.0071997
    1408.032667              0.0292115
     459.710665              0.0926870
     165.903849              0.2185461
      64.691501              0.2869408
      26.440613              0.1578818
       7.628177              0.2057208
       2.996070              0.1984066
       0.650415              0.1409093
       0.233705              0.1001546
S 12 1.0
  145703.380379              0.0000014
   21840.506709              0.0000057
    4972.115355              0.0000681
    1408.032667              0.0000654
     459.710665              0.0011532
     165.903849             -0.0005269
      64.691501              0.0077756
      26.440613             -0.0118269
       7.628177              0.0953052
       2.996070              0.0530579
       0.650415             -1.5222736
       0.233705              1.8372714
P 8 1.0
     453.710526              0.0040212
     106.802478              0.0303707
      33.730783              0.1265998
      12.130281              0.2947762
       4.594107              0.3407067
       1.678039             -0.0737922
       0.590914             -0.5239297
       0.185204             -0.3872156
P 8 1.0
     453.710526              0.0043844
     106.802478              0.0330597
      33.730783              0.1346367
      12.130281              0.3086090
       4.594107              0.3369738
       1.678039              0.1740578
       0.590914              0.2565960
       0.185204              0.1977300
P 8 1.0
     453.710526              0.0002538
     106.802478              0.0001810
      33.730783              0.0130738
      12.130281              0.0018999
       4.594107              0.1058129
       1.678039             -0.4768298
       0.590914             -0.6828112
       0.185204              1.1136028
D 1 1.0
       0.738017              1.0000000
****
