! ANO-VT-DZ - Atomic Natural Orbital - Virial Theorem - Double Zeta basis sets
!
! Please cite:
! Daniel Claudino, Ricardo Gargano, and Rodney J. Bartlett The Journal of Chemical Physics 144, 104106 (2016); https://doi.org/10.1063/1.4943275
! Daniel Claudino, Ricardo Gargano, and Rodney J. Bartlett The Journal of Chemical Physics 145, 019901 (2016); https://doi.org/10.1063/1.4954989
MG 0
S 12 1.0
   47392.403627              0.0001455
    7108.360519              0.0011220
    1618.082065              0.0058586
     458.423250              0.0233723
     149.307573              0.0753799
      53.592718              0.1724706
      20.701050              0.2561761
       8.384425              0.0553835
       2.542129             -0.5007943
       0.878745             -0.5682058
       0.107705              0.4070642
       0.039992              0.3169589
S 12 1.0
   47392.403627              0.0001756
    7108.360519              0.0013586
    1618.082065              0.0070400
     458.423250              0.0281107
     149.307573              0.0880493
      53.592718              0.1949450
      20.701050              0.2475060
       8.384425              0.0699322
       2.542129             -0.2344295
       0.878745             -0.1259625
       0.107705             -0.4710485
       0.039992             -0.3327373
S 12 1.0
   47392.403627              0.0002787
    7108.360519              0.0021610
    1618.082065              0.0111274
     458.423250              0.0443543
     149.307573              0.1349295
      53.592718              0.2853510
      20.701050              0.2916158
       8.384425              0.1085283
       2.542129              0.2146633
       0.878745              0.1783247
       0.107705              0.1104532
       0.039992              0.0714923
S 12 1.0
   47392.403627              0.0000016
    7108.360519              0.0000013
    1618.082065              0.0000848
     458.423250             -0.0001006
     149.307573              0.0014823
      53.592718             -0.0038421
      20.701050              0.0113135
       8.384425             -0.0290359
       2.542129              0.1254287
       0.878745             -0.0508162
       0.107705             -1.3199701
       0.039992              1.7999656
P 8 1.0
     179.909125              0.0053871
      42.142137              0.0392789
      13.130666              0.1576067
       4.628235              0.3588570
       1.670085              0.4578808
       0.585730              0.2160192
       0.131107              0.0024078
       0.041122             -0.0014567
P 8 1.0
     179.909125              0.0000133
      42.142137              0.0005613
      13.130666             -0.0008017
       4.628235              0.0054781
       1.670085             -0.0265898
       0.585730              0.0405269
       0.131107              0.7990061
       0.041122              0.2506307
P 8 1.0
     179.909125              0.0004872
      42.142137             -0.0049597
      13.130666              0.0199192
       4.628235             -0.0853812
       1.670085              0.3517881
       0.585730             -0.6066629
       0.131107             -0.3025629
       0.041122              1.1019247
D 1 1.0
       0.187009              1.0000000
****
