! ANO-VT-DZ - Atomic Natural Orbital - Virial Theorem - Double Zeta basis sets
!
! Please cite:
! Daniel Claudino, Ricardo Gargano, and Rodney J. Bartlett The Journal of Chemical Physics 144, 104106 (2016); https://doi.org/10.1063/1.4943275
! Daniel Claudino, Ricardo Gargano, and Rodney J. Bartlett The Journal of Chemical Physics 145, 019901 (2016); https://doi.org/10.1063/1.4954989
NA 0
S 12 1.0
   31701.795937              0.0004589
    4755.269391              0.0035507
    1082.061300              0.0182620
     306.417359              0.0716650
      99.535639              0.2123500
      35.422007              0.4162000
      13.300754              0.3730200
       4.392249              0.0625050
       1.676095             -0.0062453
       0.588933              0.0024337
       0.056403             -0.0004424
       0.023071              0.0002419
S 12 1.0
   31701.795937             -0.0001122
    4755.269391             -0.0008685
    1082.061300             -0.0045133
     306.417359             -0.0181440
      99.535639             -0.0580799
      35.422007             -0.1376498
      13.300754             -0.1939097
       4.392249              0.0858009
       1.676095              0.6044192
       0.588933              0.4417194
       0.056403              0.0130550
       0.023071             -0.0056808
S 12 1.0
   31701.795937              0.0000170
    4755.269391              0.0001307
    1082.061300              0.0006878
     306.417359              0.0027236
      99.535639              0.0089553
      35.422007              0.0207831
      13.300754              0.0319381
       4.392249             -0.0191371
       1.676095             -0.1026004
       0.588933             -0.1989408
       0.056403              0.6559528
       0.023071              0.4311518
S 12 1.0
   31701.795937              0.0000114
    4755.269391              0.0000846
    1082.061300              0.0004514
     306.417359              0.0015530
      99.535639              0.0043661
      35.422007              0.0021806
      13.300754             -0.0061644
       4.392249              0.0076664
       1.676095              0.1277943
       0.588933             -0.0712768
       0.056403             -0.8743820
       0.023071              1.6523171
P 8 1.0
     138.107824              0.0057964
      32.241827              0.0415760
       9.985566              0.1628699
       3.484197              0.3593998
       1.231070              0.4499898
       0.417724              0.2275099
       0.065134              0.0080825
       0.020531             -0.0019629
P 8 1.0
     138.107824             -0.0005815
      32.241827             -0.0040731
       9.985566             -0.0167940
       3.484197             -0.0353271
       1.231070             -0.0521971
       0.417724             -0.0168360
       0.065134              0.4346109
       0.020531              0.6582214
P 8 1.0
     138.107824              0.0002731
      32.241827              0.0009685
       9.985566              0.0067714
       3.484197              0.0012998
       1.231070              0.0370873
       0.417724             -0.0663216
       0.065134             -0.1022780
       0.020531              1.0695835
D 1 1.0
       0.097306              1.0000000
****
