! ANO-VT-DZ - Atomic Natural Orbital - Virial Theorem - Double Zeta basis sets
!
! Please cite:
! Daniel Claudino, Ricardo Gargano, and Rodney J. Bartlett The Journal of Chemical Physics 144, 104106 (2016); https://doi.org/10.1063/1.4943275
! Daniel Claudino, Ricardo Gargano, and Rodney J. Bartlett The Journal of Chemical Physics 145, 019901 (2016); https://doi.org/10.1063/1.4954989
P 0
S 12 1.0
   94840.352297              0.0000967
   14220.052822              0.0007453
    3236.012021              0.0039147
     917.103407              0.0157700
     299.501113              0.0527118
     108.100402              0.1301577
      42.180157              0.2305634
      17.280064              0.1327343
       4.858018             -0.4710377
       1.818007             -0.6654910
       0.337201              0.4643570
       0.123200              0.4185514
S 12 1.0
   94840.352297              0.0001490
   14220.052822              0.0011534
    3236.012021              0.0060111
     917.103407              0.0242296
     299.501113              0.0785618
     108.100402              0.1871803
      42.180157              0.2844686
      17.280064              0.1538164
       4.858018             -0.2137120
       1.818007             -0.1658776
       0.337201             -0.4108817
       0.123200             -0.3229616
S 12 1.0
   94840.352297              0.0001984
   14220.052822              0.0015411
    3236.012021              0.0079662
     917.103407              0.0321819
     299.501113              0.1012245
     108.100402              0.2338299
      42.180157              0.2949023
      17.280064              0.1529355
       4.858018              0.2054552
       1.818007              0.1922567
       0.337201              0.1314703
       0.123200              0.0933441
S 12 1.0
   94840.352297              0.0000017
   14220.052822              0.0000079
    3236.012021              0.0000854
     917.103407              0.0000962
     299.501113              0.0013741
     108.100402             -0.0007709
      42.180157              0.0084164
      17.280064             -0.0149989
       4.858018              0.1034867
       1.818007              0.0294957
       0.337201             -1.5173111
       0.123200              1.8469068
P 8 1.0
     370.501376              0.0040365
      87.330324              0.0308277
      27.590102              0.1328302
      10.000037              0.3347916
       3.825014              0.4754799
       1.494006              0.2401901
       0.392101             -0.1798581
       0.118600             -0.2001648
P 8 1.0
     370.501376              0.0016347
      87.330324              0.0127038
      27.590102              0.0526329
      10.000037              0.1354815
       3.825014              0.1702692
       1.494006              0.1457990
       0.392101              0.4453094
       0.118600              0.4428056
P 8 1.0
     370.501376              0.0003160
      87.330324              0.0010818
      27.590102              0.0127184
      10.000037              0.0103252
       3.825014              0.1014321
       1.494006             -0.1219492
       0.392101             -1.1581929
       0.118600              1.1611887
D 1 1.0
       0.373001              1.0000000
****
