! ANO-VT-DZ - Atomic Natural Orbital - Virial Theorem - Double Zeta basis sets
!
! Please cite:
! Daniel Claudino, Ricardo Gargano, and Rodney J. Bartlett The Journal of Chemical Physics 144, 104106 (2016); https://doi.org/10.1063/1.4943275
! Daniel Claudino, Ricardo Gargano, and Rodney J. Bartlett The Journal of Chemical Physics 145, 019901 (2016); https://doi.org/10.1063/1.4954989
S 0
S 12 1.0
  110799.915668              0.0000930
   16609.987358              0.0007176
    3780.997122              0.0037697
    1070.999185              0.0152303
     349.799734              0.0510261
     126.299904              0.1274531
      49.259963              0.2293742
      20.159985              0.1406578
       5.719996             -0.4730438
       2.181998             -0.6793809
       0.432700              0.4784376
       0.157000              0.4315848
S 12 1.0
  110799.915668              0.0001478
   16609.987358              0.0011435
    3780.997122              0.0059632
    1070.999185              0.0240825
     349.799734              0.0783172
     126.299904              0.1881843
      49.259963              0.2908220
      20.159985              0.1635776
       5.719996             -0.2081600
       2.181998             -0.1692562
       0.432700             -0.4062283
       0.157000             -0.3178746
S 12 1.0
  110799.915668              0.0001903
   16609.987358              0.0014777
    3780.997122              0.0076423
    1070.999185              0.0309382
     349.799734              0.0975796
     126.299904              0.2273712
      49.259963              0.2918594
      20.159985              0.1551506
       5.719996              0.2055763
       2.181998              0.1948899
       0.432700              0.1358967
       0.157000              0.0959383
S 12 1.0
  110799.915668              0.0000017
   16609.987358              0.0000071
    3780.997122              0.0000746
    1070.999185              0.0000917
     349.799734              0.0012115
     126.299904             -0.0004521
      49.259963              0.0075779
      20.159985             -0.0121572
       5.719996              0.0920294
       2.181998              0.0450395
       0.432700             -1.5066933
       0.157000              1.8419500
P 8 1.0
     399.699696              0.0041037
      94.189928              0.0311819
      29.749977              0.1333689
      10.769992              0.3255415
       4.118997              0.4402857
       1.624999              0.1326285
       0.472600             -0.3748049
       0.140700             -0.3536226
P 8 1.0
     399.699696              0.0029338
      94.189928              0.0225301
      29.749977              0.0935989
      10.769992              0.2311033
       4.118997              0.2840933
       1.624999              0.1846626
       0.472600              0.3416838
       0.140700              0.3108976
P 8 1.0
     399.699696              0.0002236
      94.189928              0.0004214
      29.749977              0.0100918
      10.769992              0.0041224
       4.118997              0.0888768
       1.624999             -0.1696530
       0.472600             -1.0543874
       0.140700              1.1722155
D 1 1.0
       0.479000              1.0000000
****
