! ANO-VT-DZ - Atomic Natural Orbital - Virial Theorem - Double Zeta basis sets
!
! Please cite:
! Daniel Claudino, Ricardo Gargano, and Rodney J. Bartlett The Journal of Chemical Physics 144, 104106 (2016); https://doi.org/10.1063/1.4943275
! Daniel Claudino, Ricardo Gargano, and Rodney J. Bartlett The Journal of Chemical Physics 145, 019901 (2016); https://doi.org/10.1063/1.4954989
SI 0
S 12 1.0
   78860.307288              0.0001037
   11820.046058              0.0008000
    2692.010490              0.0041953
     763.402975              0.0168403
     249.600973              0.0558121
      90.280352              0.1352696
      35.290138              0.2336584
      14.510057              0.1214102
       4.053016             -0.4730367
       1.482006             -0.6486011
       0.251701              0.4532763
       0.092430              0.3936270
S 12 1.0
   78860.307288              0.0001529
   11820.046058              0.0011827
    2692.010490              0.0061506
     763.402975              0.0247277
     249.600973              0.0794367
      90.280352              0.1863662
      35.290138              0.2757544
      14.510057              0.1394713
       4.053016             -0.2204217
       1.482006             -0.1600760
       0.251701             -0.4239246
       0.092430             -0.3236311
S 12 1.0
   78860.307288              0.0002129
   11820.046058              0.0016526
    2692.010490              0.0085257
     763.402975              0.0343395
     249.600973              0.1070260
      90.280352              0.2432344
      35.290138              0.2977659
      14.510057              0.1483670
       4.053016              0.2053133
       1.482006              0.1880908
       0.251701              0.1269105
       0.092430              0.0876752
S 12 1.0
   78860.307288              0.0000021
   11820.046058              0.0000099
    2692.010490              0.0001052
     763.402975              0.0001179
     249.600973              0.0016515
      90.280352             -0.0011753
      35.290138              0.0095984
      14.510057             -0.0188979
       4.053016              0.1145390
       1.482006              0.0074462
       0.251701             -1.4658168
       0.092430              1.8381539
P 8 1.0
     315.901231              0.0040092
      74.420290              0.0304797
      23.480091              0.1300278
       8.488033              0.3276143
       3.217013              0.4677377
       1.229005              0.2691700
       0.296401             -0.0543926
       0.087680             -0.0807489
P 8 1.0
     315.901231              0.0006718
      74.420290              0.0053146
      23.480091              0.0208169
       8.488033              0.0553404
       3.217013              0.0596369
       1.229005              0.0802670
       0.296401              0.5006982
       0.087680              0.5358262
P 8 1.0
     315.901231              0.0002776
      74.420290              0.0009066
      23.480091              0.0108178
       8.488033              0.0079095
       3.217013              0.0881151
       1.229005             -0.0739584
       0.296401             -1.2027039
       0.087680              1.1238817
D 1 1.0
       0.275001              1.0000000
****
