! FANO-5Z - Frozen Atomic Natural Orbital- Hextuple Zeta basis sets
!
! Please cite
! Daniel Claudino and Rodney J. Bartlett The Journal of Chemical Physics 149, 064105 (2018); https://doi.org/10.1063/1.5039741
B 0
S 14 1.0
   33713.209090              0.0000969
    5944.146955              0.0006365
    1398.446548              0.0033100
     408.484003              0.0130585
     139.722431              0.0427378
      53.415177              0.1186584
      22.006256              0.2776099
       9.501440              0.5176670
       4.209690              0.6781401
       1.883797              0.4191816
       0.840951              0.0534040
       0.370584             -0.0088276
       0.159543             -0.0174374
       0.066311             -0.0066536
S 14 1.0
   33713.209090              0.0000139
    5944.146955              0.0000911
    1398.446548              0.0004742
     408.484003              0.0018794
     139.722431              0.0062080
      53.415177              0.0176819
      22.006256              0.0434925
       9.501440              0.0907642
       4.209690              0.1565133
       1.883797              0.1792387
       0.840951             -0.0423788
       0.370584             -0.5007890
       0.159543             -0.7622621
       0.066311             -0.3150608
S 14 1.0
   33713.209090              0.0000083
    5944.146955              0.0000551
    1398.446548              0.0002838
     408.484003              0.0011410
     139.722431              0.0037074
      53.415177              0.0108965
      22.006256              0.0262823
       9.501440              0.0581135
       4.209690              0.0942056
       1.883797              0.1469322
       0.840951             -0.1951643
       0.370584             -0.7628532
       0.159543              0.2901479
       0.066311              0.5109936
S 14 1.0
   33713.209090              0.0000056
    5944.146955              0.0000378
    1398.446548              0.0001899
     408.484003              0.0007926
     139.722431              0.0024784
      53.415177              0.0079301
      22.006256              0.0186310
       9.501440              0.0460571
       4.209690              0.0640337
       1.883797              0.1236577
       0.840951             -0.5732022
       0.370584              0.1117650
       0.159543              0.6182322
       0.066311             -0.5047843
S 14 1.0
   33713.209090              0.0000016
    5944.146955              0.0000075
    1398.446548              0.0000627
     408.484003              0.0001285
     139.722431              0.0010291
      53.415177              0.0011992
      22.006256              0.0119650
       9.501440              0.0022251
       4.209690              0.0506220
       1.883797             -0.0671861
       0.840951             -0.3807379
       0.370584              0.7660287
       0.159543             -0.4494901
       0.066311              0.2428375
S 14 1.0
   33713.209090              0.0000043
    5944.146955              0.0000213
    1398.446548              0.0001622
     408.484003              0.0003753
     139.722431              0.0025205
      53.415177              0.0029735
      22.006256              0.0249987
       9.501440              0.0034647
       4.209690              0.1238873
       1.883797             -0.1554345
       0.840951             -0.2350930
       0.370584              0.6308921
       0.159543             -0.6662512
       0.066311              0.2503106
S 14 1.0
   33713.209090              0.0000036
    5944.146955              0.0000180
    1398.446548              0.0001335
     408.484003              0.0003316
     139.722431              0.0021763
      53.415177              0.0038363
      22.006256              0.0259920
       9.501440              0.0009385
       4.209690              0.1110181
       1.883797             -0.4356684
       0.840951              0.6275751
       0.370584             -0.5430684
       0.159543              0.3144772
       0.066311             -0.0974793
P 8 1.0
      55.598515              0.0020086
      12.595726              0.0156263
       3.925244              0.0646204
       1.412737              0.2075692
       0.552442              0.4700048
       0.232711              0.6433904
       0.103776              0.5388558
       0.044888              0.1651352
P 8 1.0
      55.598515              0.0017813
      12.595726              0.0137498
       3.925244              0.0506776
       1.412737              0.1544731
       0.552442              0.6015101
       0.232711              0.7335476
       0.103776              0.2341586
       0.044888             -0.1365318
P 8 1.0
      55.598515              0.0007913
      12.595726              0.0062494
       3.925244              0.0222719
       1.412737              0.0758263
       0.552442              0.4156673
       0.232711             -0.0099973
       0.103776             -0.1827261
       0.044888             -0.8873819
P 8 1.0
      55.598515              0.0008323
      12.595726              0.0102565
       3.925244              0.0239363
       1.412737              0.1772710
       0.552442              0.3098986
       0.232711             -0.2235486
       0.103776             -0.6317913
       0.044888              0.6501729
P 8 1.0
      55.598515              0.0014366
      12.595726              0.0153413
       3.925244              0.0619005
       1.412737              0.3100402
       0.552442             -0.2031558
       0.232711             -0.4307291
       0.103776              0.7294553
       0.044888             -0.3753679
P 8 1.0
      55.598515              0.0020265
      12.595726              0.0064796
       3.925244              0.1132876
       1.412737              0.0698727
       0.552442             -0.4388583
       0.232711              0.6676144
       0.103776             -0.5477944
       0.044888              0.2094117
D 6 1.0
       3.645515              0.0122038
       1.744954              0.0373810
       0.835235              0.2651468
       0.399792              0.6768987
       0.191363              0.6321608
       0.091598              0.2652015
D 6 1.0
       3.645515             -0.0062663
       1.744954             -0.0248672
       0.835235              0.6625073
       0.399792              0.3301854
       0.191363             -0.5769520
       0.091598             -0.3442825
D 6 1.0
       3.645515             -0.0030301
       1.744954              0.2398938
       0.835235              0.4638478
       0.399792             -0.7765023
       0.191363              0.0756739
       0.091598              0.3443902
D 6 1.0
       3.645515              0.0142138
       1.744954              0.5379636
       0.835235             -0.6745695
       0.399792              0.1842859
       0.191363              0.3327475
       0.091598             -0.3326665
D 6 1.0
       3.645515              0.1696628
       1.744954             -0.0242504
       0.835235             -0.3458979
       0.399792              0.6222617
       0.191363             -0.6105236
       0.091598              0.3017158
F 4 1.0
       1.756892              0.0199075
       0.887275              0.3881118
       0.448097              0.6792141
       0.226300              0.6226084
F 4 1.0
       1.756892              0.0451652
       0.887275              0.7283662
       0.448097              0.0065425
       0.226300             -0.6836666
F 4 1.0
       1.756892              0.2752121
       0.887275              0.2219136
       0.448097             -0.7690895
       0.226300              0.5324603
F 4 1.0
       1.756892              0.3942100
       0.887275             -0.6672927
       0.448097              0.5779252
       0.226300             -0.2555807
G 3 1.0
       1.610409              0.0740100
       0.733241              0.7652107
       0.333855              0.6395116
G 3 1.0
       1.610409              0.3279602
       0.733241              0.5387527
       0.333855             -0.7760075
G 3 1.0
       1.610409              0.5923092
       0.733241             -0.7063321
       0.333855              0.3876401
H 3 1.0
       1.713760              0.0708755
       0.847474              0.7968586
       0.419086              0.5999942
H 3 1.0
       1.713760              0.3948333
       0.847474              0.4853471
       0.419086             -0.7800929
I 2 1.0
       1.421467              0.3396528
       0.676884              0.9405509
****
