! FANO-5Z - Frozen Atomic Natural Orbital- Hextuple Zeta basis sets
!
! Please cite
! Daniel Claudino and Rodney J. Bartlett The Journal of Chemical Physics 149, 064105 (2018); https://doi.org/10.1063/1.5039741
C 0
S 14 1.0
   50386.751090              0.0000934
    8819.237363              0.0006154
    2086.732156              0.0031621
     612.879587              0.0124403
     209.423402              0.0411252
      79.386377              0.1168228
      32.275283              0.2802431
      13.749178              0.5308248
       6.038585              0.6810579
       2.700522              0.3969034
       1.215047              0.0455190
       0.541838             -0.0125534
       0.234443             -0.0226724
       0.095425             -0.0083165
S 14 1.0
   50386.751090              0.0000139
    8819.237363              0.0000915
    2086.732156              0.0004703
     612.879587              0.0018585
     209.423402              0.0062066
      79.386377              0.0181043
      32.275283              0.0459208
      13.749178              0.0984414
       6.038585              0.1698311
       2.700522              0.1770090
       1.215047             -0.0838538
       0.541838             -0.5308223
       0.234443             -0.7427827
       0.095425             -0.2951711
S 14 1.0
   50386.751090              0.0000086
    8819.237363              0.0000568
    2086.732156              0.0002901
     612.879587              0.0011585
     209.423402              0.0038228
      79.386377              0.0114048
      32.275283              0.0285736
      13.749178              0.0638623
       6.038585              0.1078515
       2.700522              0.1442426
       1.215047             -0.2565399
       0.541838             -0.7290224
       0.234443              0.3065725
       0.095425              0.5208148
S 14 1.0
   50386.751090              0.0000056
    8819.237363              0.0000375
    2086.732156              0.0001910
     612.879587              0.0007690
     209.423402              0.0025366
      79.386377              0.0077970
      32.275283              0.0202159
      13.749178              0.0468917
       6.038585              0.0828557
       2.700522              0.0908409
       1.215047             -0.6064234
       0.541838              0.1916865
       0.234443              0.5794554
       0.095425             -0.4918800
S 14 1.0
   50386.751090              0.0000030
    8819.237363              0.0000141
    2086.732156              0.0001145
     612.879587              0.0002335
     209.423402              0.0018058
      79.386377              0.0018132
      32.275283              0.0187119
      13.749178              0.0021735
       6.038585              0.1134263
       2.700522             -0.1771451
       1.215047             -0.2431160
       0.541838              0.6903571
       0.234443             -0.5943428
       0.095425              0.2577808
S 14 1.0
   50386.751090              0.0000069
    8819.237363              0.0000349
    2086.732156              0.0002572
     612.879587              0.0006072
     209.423402              0.0039096
      79.386377              0.0047464
      32.275283              0.0369240
      13.749178              0.0093001
       6.038585              0.2298326
       2.700522             -0.3263304
       1.215047             -0.0037104
       0.541838              0.3989895
       0.234443             -0.7957839
       0.095425              0.2161458
S 14 1.0
   50386.751090              0.0000028
    8819.237363              0.0000155
    2086.732156              0.0001025
     612.879587              0.0002925
     209.423402              0.0015941
      79.386377              0.0033845
      32.275283              0.0185654
      13.749178              0.0114008
       6.038585              0.0973109
       2.700522             -0.4216126
       1.215047              0.6295099
       0.541838             -0.5530418
       0.234443              0.3176018
       0.095425             -0.0963108
P 8 1.0
      83.151321              0.0021274
      19.592449              0.0166142
       6.047625              0.0734270
       2.189224              0.2282381
       0.870064              0.4839788
       0.364805              0.6479795
       0.156241              0.5172421
       0.065455              0.1434680
P 8 1.0
      83.151321              0.0018118
      19.592449              0.0138614
       6.047625              0.0555838
       2.189224              0.1654087
       0.870064              0.6371340
       0.364805              0.6241665
       0.156241              0.1099289
       0.065455             -0.4021779
P 8 1.0
      83.151321              0.0009433
      19.592449              0.0080271
       6.047625              0.0332357
       2.189224              0.1298832
       0.870064              0.3887214
       0.364805             -0.1875256
       0.156241             -0.5998300
       0.065455             -0.6602228
P 8 1.0
      83.151321              0.0011754
      19.592449              0.0127233
       6.047625              0.0435256
       2.189224              0.2318902
       0.870064              0.2680426
       0.364805             -0.2856108
       0.156241             -0.5382131
       0.065455              0.7078669
P 8 1.0
      83.151321              0.0014689
      19.592449              0.0149206
       6.047625              0.0699237
       2.189224              0.3041191
       0.870064             -0.2265282
       0.364805             -0.3986376
       0.156241              0.7280844
       0.065455             -0.4025712
P 8 1.0
      83.151321              0.0019833
      19.592449              0.0070582
       6.047625              0.1153186
       2.189224              0.0793783
       0.870064             -0.4634744
       0.364805              0.6672243
       0.156241             -0.5276121
       0.065455              0.2048796
D 6 1.0
       5.236013              0.0170162
       2.579144              0.0514396
       1.270429              0.2818154
       0.625785              0.6665221
       0.308248              0.6067801
       0.151836              0.3243620
D 6 1.0
       5.236013              0.0131308
       2.579144              0.0619977
       1.270429              0.6803413
       0.625785              0.2815682
       0.308248             -0.5274367
       0.151836             -0.4191055
D 6 1.0
       5.236013              0.0034995
       2.579144              0.2947006
       1.270429              0.3915393
       0.625785             -0.7726300
       0.308248              0.0312748
       0.151836              0.4023692
D 6 1.0
       5.236013              0.0468010
       2.579144              0.4907491
       1.270429             -0.6823580
       0.625785              0.1695145
       0.308248              0.3793566
       0.151836             -0.3445516
D 6 1.0
       5.236013              0.2019859
       2.579144             -0.0955311
       1.270429             -0.3016435
       0.625785              0.6224582
       0.308248             -0.6190543
       0.151836              0.2973285
F 5 1.0
       4.800000              0.0110905
       2.400000              0.0482436
       1.200000              0.4945979
       0.600000              0.7089697
       0.300000              0.5002843
F 5 1.0
       4.800000             -0.0204378
       2.400000              0.2264658
       1.200000              0.7098712
       0.600000             -0.1819649
       0.300000             -0.6413011
F 5 1.0
       4.800000             -0.0290747
       2.400000              0.5126146
       1.200000             -0.1044299
       0.600000             -0.6347047
       0.300000              0.5680011
F 5 1.0
       4.800000              0.0648367
       2.400000              0.2982754
       1.200000             -0.6461113
       0.600000              0.6308171
       0.300000             -0.3023872
G 4 1.0
       2.955524              0.0174571
       1.502879              0.4512965
       0.764211              0.7939631
       0.388600              0.4070004
G 4 1.0
       2.955524              0.1049500
       1.502879              0.7909388
       0.764211             -0.2680202
       0.388600             -0.5399690
G 4 1.0
       2.955524              0.4297813
       1.502879              0.0253424
       0.764211             -0.6799182
       0.388600              0.5935967
H 3 1.0
       3.192327              0.0235975
       1.425579              0.6977855
       0.636612              0.7159180
H 3 1.0
       3.192327              0.2117654
       1.425579              0.6373118
       0.636612             -0.7409380
I 3 1.0
       3.376044              0.0342819
       1.561688              0.7474514
       0.722405              0.6634314
****
