! FANO-5Z - Frozen Atomic Natural Orbital- Hextuple Zeta basis sets
!
! Please cite
! Daniel Claudino and Rodney J. Bartlett The Journal of Chemical Physics 149, 064105 (2018); https://doi.org/10.1063/1.5039741
HE 0
S 10 1.0
    4830.039864              0.0001051
     729.242971              0.0008274
     162.927888              0.0043958
      46.500237              0.0177745
      15.381158              0.0604393
       5.557872              0.1727267
       2.123589              0.3838561
       0.843040              0.6199012
       0.342850              0.6227484
       0.139687              0.2161898
S 10 1.0
    4830.039864              0.0000824
     729.242971              0.0006520
     162.927888              0.0034762
      46.500237              0.0146714
      15.381158              0.0561758
       5.557872              0.2230841
       2.123589              0.5782693
       0.843040              0.2023253
       0.342850             -0.6774590
       0.139687             -0.3355122
S 10 1.0
    4830.039864              0.0000596
     729.242971              0.0005441
     162.927888              0.0024209
      46.500237              0.0144866
      15.381158              0.0623797
       5.557872              0.3977541
       2.123589              0.0802949
       0.843040             -0.8235630
       0.342850              0.2584255
       0.139687              0.2935940
S 10 1.0
    4830.039864              0.0000589
     729.242971              0.0002074
     162.927888              0.0032522
      46.500237              0.0053563
      15.381158              0.1341775
       5.557872              0.2763735
       2.123589             -0.7578268
       0.843040              0.4856701
       0.342850              0.1521856
       0.139687             -0.2687700
S 10 1.0
    4830.039864              0.0000620
     729.242971             -0.0000786
     162.927888              0.0042227
      46.500237             -0.0019854
      15.381158              0.2244187
       5.557872             -0.2705803
       2.123589             -0.0807134
       0.843040              0.5393208
       0.342850             -0.6777018
       0.139687              0.3460339
S 10 1.0
    4830.039864              0.0000163
     729.242971              0.0002823
     162.927888              0.0006175
      46.500237              0.0166859
      15.381158              0.1562918
       5.557872             -0.4061955
       2.123589              0.5558196
       0.843040             -0.5587752
       0.342850              0.4052885
       0.139687             -0.1577190
P 6 1.0
      24.318374              0.0056512
      10.335490              0.0220451
       4.392660              0.1359837
       1.866913              0.5465516
       0.793452              0.7619289
       0.337223              0.3189612
P 6 1.0
      24.318374              0.0148219
      10.335490              0.0588850
       4.392660              0.4676164
       1.866913              0.5678715
       0.793452             -0.5053722
       0.337223             -0.4469548
P 6 1.0
      24.318374              0.0184429
      10.335490              0.1847055
       4.392660              0.5239311
       1.866913             -0.6974934
       0.793452             -0.1063496
       0.337223              0.4395824
P 6 1.0
      24.318374              0.0222718
      10.335490              0.4018845
       4.392660             -0.3536294
       1.866913             -0.2577398
       0.793452              0.6715268
       0.337223             -0.4422228
P 6 1.0
      24.318374              0.0709805
      10.335490              0.1636384
       4.392660             -0.4975267
       1.866913              0.6336567
       0.793452             -0.5167919
       0.337223              0.2281593
D 5 1.0
      16.140882              0.0080042
       7.002248              0.0540712
       3.037720              0.4435463
       1.317826              0.8011998
       0.571700              0.3979420
D 5 1.0
      16.140882              0.0171921
       7.002248              0.2636389
       3.037720              0.7255774
       1.317826             -0.2931458
       0.571700             -0.5637392
D 5 1.0
      16.140882              0.0505532
       7.002248              0.5513359
       3.037720             -0.2445760
       1.317826             -0.5373863
       0.571700              0.5872577
D 5 1.0
      16.140882              0.1516552
       7.002248              0.1961164
       3.037720             -0.6071477
       1.317826              0.6662138
       0.571700             -0.3550634
F 4 1.0
      12.739320              0.0057181
       5.111029              0.2433377
       2.050550              0.8556312
       0.822683              0.4567815
F 4 1.0
      12.739320              0.0494365
       5.111029              0.6977833
       2.050550              0.0872400
       0.822683             -0.7092557
F 4 1.0
      12.739320              0.2016805
       5.111029              0.3751369
       2.050550             -0.7324916
       0.822683              0.5310869
G 3 1.0
       9.637522              0.0385431
       3.755854              0.6250740
       1.463700              0.7796133
G 3 1.0
       9.637522              0.2522416
       3.755854              0.6448526
       1.463700             -0.7214841
H 3 1.0
      11.193405              0.0241555
       4.362200              0.6351660
       1.700000              0.7719979
****
