! ANO-VT-TZ - Atomic Natural Orbital - Virial Theorem - Triple Zeta basis sets
!
! Please cite:
! Daniel Claudino, Ricardo Gargano, and Rodney J. Bartlett The Journal of Chemical Physics 144, 104106 (2016); https://doi.org/10.1063/1.4943275
! Daniel Claudino, Ricardo Gargano, and Rodney J. Bartlett The Journal of Chemical Physics 145, 019901 (2016); https://doi.org/10.1063/1.4954989
AL 0
S 15 1.0
  205502.989383              0.0000271
   30780.447753              0.0002108
    7006.101915              0.0011048
    1985.028876              0.0046089
     649.109442              0.0161263
     235.003419              0.0478193
      91.621333              0.1147112
      37.670548              0.2031349
      15.910231              0.1932861
       5.850085             -0.1002335
       2.542037             -0.4925956
       1.057015             -0.4885427
       0.293104              0.0484623
       0.145502              0.5207017
       0.056501              0.2679458
S 15 1.0
  205502.989383              0.0000419
   30780.447753              0.0003259
    7006.101915              0.0017072
    1985.028876              0.0071038
     649.109442              0.0247181
     235.003419              0.0721155
      91.621333              0.1668516
      37.670548              0.2693278
      15.910231              0.2178187
       5.850085             -0.0328415
       2.542037             -0.2364845
       1.057015             -0.0922505
       0.293104             -0.0796583
       0.145502             -0.4218747
       0.056501             -0.2282281
S 15 1.0
  205502.989383              0.0000502
   30780.447753              0.0003893
    7006.101915              0.0020398
    1985.028876              0.0084615
     649.109442              0.0293038
     235.003419              0.0839985
      91.621333              0.1872705
      37.670548              0.2693674
      15.910231              0.1693646
       5.850085              0.0923758
       2.542037              0.2340250
       1.057015              0.1598722
       0.293104              0.0331302
       0.145502              0.1304834
       0.056501              0.0732549
S 15 1.0
  205502.989383              0.0000030
   30780.447753              0.0000230
    7006.101915              0.0001214
    1985.028876              0.0004921
     649.109442              0.0016976
     235.003419              0.0044268
      91.621333              0.0085436
      37.670548              0.0036731
      15.910231             -0.0078766
       5.850085              0.0232242
       2.542037              0.0889315
       1.057015             -0.2017920
       0.293104              1.2549487
       0.145502              0.2414156
       0.056501             -0.8935288
S 15 1.0
  205502.989383              0.0000015
   30780.447753              0.0000122
    7006.101915              0.0000556
    1985.028876              0.0002734
     649.109442              0.0007251
     235.003419              0.0026992
      91.621333              0.0026780
      37.670548              0.0067310
      15.910231             -0.0148787
       5.850085              0.0426335
       2.542037             -0.0730094
       1.057015             -0.0097372
       0.293104              0.8330500
       0.145502             -0.6546179
       0.056501              0.9893808
P 9 1.0
     444.406465              0.0016399
     105.101529              0.0131721
      33.470487              0.0616902
      12.330179              0.1894301
       4.869071              0.3631141
       1.961029              0.4128446
       0.783411              0.1877203
       0.188803             -0.0160857
       0.055571             -0.0249567
P 9 1.0
     444.406465              0.0001082
     105.101529              0.0007331
      33.470487              0.0039801
      12.330179              0.0088834
       4.869071              0.0234063
       1.961029              0.0001946
       0.783411              0.0605680
       0.188803              0.5459253
       0.055571              0.5251468
P 9 1.0
     444.406465              0.0000287
     105.101529             -0.0006021
      33.470487              0.0014607
      12.330179             -0.0129280
       4.869071              0.0205232
       1.961029             -0.1143257
       0.783411              0.1645655
       0.188803              1.0884620
       0.055571             -1.1511736
P 9 1.0
     444.406465              0.0000413
     105.101529             -0.0059592
      33.470487              0.0050730
      12.330179             -0.1133652
       4.869071              0.1294024
       1.961029             -0.8071512
       0.783411              1.6259845
       0.188803             -0.2555581
       0.055571              0.0745553
D 2 1.0
       0.109002              0.6500937
       0.333005              0.4658912
D 2 1.0
       0.109002              0.8814708
       0.333005             -1.2299836
F 1 1.0
       0.244004              1.0000000
****
