! ANO-VT-TZ - Atomic Natural Orbital - Virial Theorem - Triple Zeta basis sets
!
! Please cite:
! Daniel Claudino, Ricardo Gargano, and Rodney J. Bartlett The Journal of Chemical Physics 144, 104106 (2016); https://doi.org/10.1063/1.4943275
! Daniel Claudino, Ricardo Gargano, and Rodney J. Bartlett The Journal of Chemical Physics 145, 019901 (2016); https://doi.org/10.1063/1.4954989
AR 0
S 15 1.0
  545003.876552              0.0000167
   81640.580700              0.0001298
   18580.132158              0.0006831
    5261.037421              0.0028548
    1717.012213              0.0102141
     619.904409              0.0312120
     241.601718              0.0812411
      99.790710              0.1622295
      43.150307              0.2174784
      19.140136              0.0502510
       7.488053             -0.4462700
       3.205023             -0.6822738
       1.196009              0.0144572
       0.520404              0.5973993
       0.195401              0.3121119
S 15 1.0
  545003.876552              0.0000294
   81640.580700              0.0002282
   18580.132158              0.0011987
    5261.037421              0.0050125
    1717.012213              0.0177635
     619.904409              0.0536813
     241.601718              0.1337902
      99.790710              0.2473299
      43.150307              0.2727954
      19.140136              0.0795754
       7.488053             -0.2049550
       3.205023             -0.1481968
       1.196009             -0.0994040
       0.520404             -0.4006847
       0.195401             -0.2177478
S 15 1.0
  545003.876552              0.0000336
   81640.580700              0.0002608
   18580.132158              0.0013675
    5261.037421              0.0057177
    1717.012213              0.0201218
     619.904409              0.0601831
     241.601718              0.1446673
      99.790710              0.2477778
      43.150307              0.2158897
      19.140136              0.0841289
       7.488053              0.1951033
       3.205023              0.1921891
       1.196009              0.0548645
       0.520404              0.1450939
       0.195401              0.0816764
S 15 1.0
  545003.876552              0.0000024
   81640.580700              0.0000178
   18580.132158              0.0001026
    5261.037421              0.0003740
    1717.012213              0.0015288
     619.904409              0.0034245
     241.601718              0.0100544
      99.790710              0.0022306
      43.150307              0.0078711
      19.140136             -0.0379061
       7.488053              0.2021161
       3.205023             -0.2901547
       1.196009              0.9692567
       0.520404              0.4844407
       0.195401             -1.3209783
S 15 1.0
  545003.876552              0.0000019
   81640.580700              0.0000146
   18580.132158              0.0000782
    5261.037421              0.0003155
    1717.012213              0.0011270
     619.904409              0.0030290
     241.601718              0.0066826
      99.790710              0.0048900
      43.150307             -0.0042735
      19.140136             -0.0083639
       7.488053              0.0581904
       3.205023             -0.2405221
       1.196009              1.2343700
       0.520404             -0.6435414
       0.195401              0.7317211
P 9 1.0
     761.805419              0.0017230
     180.201282              0.0138110
      57.500409              0.0647035
      21.240151              0.1896770
       8.388060              0.3342531
       3.416024              0.2492737
       1.206009             -0.2258541
       0.452303             -0.4943251
       0.154501             -0.2832398
P 9 1.0
     761.805419              0.0017769
     180.201282              0.0142725
      57.500409              0.0656915
      21.240151              0.1905196
       8.388060              0.3207622
       3.416024              0.2625988
       1.206009              0.1844478
       0.452303              0.2585186
       0.154501              0.1546820
P 9 1.0
     761.805419              0.0000723
     180.201282              0.0011618
      57.500409              0.0032994
      21.240151              0.0247822
       8.388060              0.0153911
       3.416024              0.0865131
       1.206009             -0.8351524
       0.452303             -0.0998857
       0.154501              0.9519808
P 9 1.0
     761.805419              0.0008316
     180.201282              0.0052300
      57.500409              0.0340305
      21.240151              0.0805239
       8.388060              0.2310964
       3.416024             -0.1041467
       1.206009             -1.4069447
       0.452303              1.4029387
       0.154501             -1.0835727
D 2 1.0
       0.410003              0.6365626
       1.254009              0.4807272
D 2 1.0
       0.410003              0.9207016
       1.254009             -1.2191618
F 1 1.0
       0.890006              1.0000000
****
