! ANO-VT-TZ - Atomic Natural Orbital - Virial Theorem - Triple Zeta basis sets
!
! Please cite:
! Daniel Claudino, Ricardo Gargano, and Rodney J. Bartlett The Journal of Chemical Physics 144, 104106 (2016); https://doi.org/10.1063/1.4943275
! Daniel Claudino, Ricardo Gargano, and Rodney J. Bartlett The Journal of Chemical Physics 145, 019901 (2016); https://doi.org/10.1063/1.4954989
B 0
S 10 1.0
    5473.605331              0.0003557
     820.990794              0.0027482
     186.820661              0.0141000
      52.835843              0.0546171
      17.081889              0.1577129
       5.999664              0.3063788
       2.208244              0.3072575
       0.587965             -0.0942946
       0.241527             -0.5535041
       0.086110             -0.3415642
S 10 1.0
    5473.605331              0.0004508
     820.990794              0.0034822
     186.820661              0.0177937
      52.835843              0.0682686
      17.081889              0.1912315
       5.999664              0.3395243
       2.208244              0.2347221
       0.587965              0.0861006
       0.241527              0.2593198
       0.086110              0.1716769
S 10 1.0
    5473.605331              0.0000874
     820.990794              0.0006965
     186.820661              0.0033298
      52.835843              0.0130757
      17.081889              0.0274596
       5.999664              0.0340672
       2.208244             -0.1183042
       0.587965              0.8205528
       0.241527              0.5984645
       0.086110             -1.2572887
S 10 1.0
    5473.605331              0.0000574
     820.990794              0.0003936
     186.820661              0.0022662
      52.835843              0.0055847
      17.081889              0.0137764
       5.999664             -0.0449321
       2.208244             -0.1184564
       0.587965              1.3299998
       0.241527             -0.6606176
       0.086110              0.5638491
P 5 1.0
      12.051333              0.0132186
       2.613289              0.0774213
       0.747583              0.2849163
       0.238526              0.5228387
       0.076989              0.3242240
P 5 1.0
      12.051333              0.0092252
       2.613289             -0.0214961
       0.747583              0.4537659
       0.238526              0.4608433
       0.076989             -1.1371449
P 5 1.0
      12.051333              0.0350307
       2.613289              0.2458431
       0.747583              1.1303385
       0.238526             -0.7434255
       0.076989              0.1454035
D 2 1.0
       0.661073              0.4152168
       0.199022              0.7092437
D 2 1.0
       0.661073              1.1973651
       0.199022             -0.7009806
F 1 1.0
       0.490054              1.0000000
****
