! ANO-VT-TZ - Atomic Natural Orbital - Virial Theorem - Triple Zeta basis sets
!
! Please cite:
! Daniel Claudino, Ricardo Gargano, and Rodney J. Bartlett The Journal of Chemical Physics 144, 104106 (2016); https://doi.org/10.1063/1.4943275
! Daniel Claudino, Ricardo Gargano, and Rodney J. Bartlett The Journal of Chemical Physics 145, 019901 (2016); https://doi.org/10.1063/1.4954989
BE 0
S 11 1.0
    6863.281386              0.0001498
    1030.042230              0.0011588
     234.709623              0.0060067
      66.562729              0.0241779
      21.690889              0.0772031
       7.734317              0.1852548
       2.916120              0.3034055
       1.130046              0.2501072
       0.257711             -0.2004110
       0.110105             -0.5517752
       0.044092             -0.2322747
S 11 1.0
    6863.281386              0.0001934
    1030.042230              0.0014967
     234.709623              0.0077397
      66.562729              0.0310575
      21.690889              0.0977645
       7.734317              0.2281726
       2.916120              0.3341935
       1.130046              0.1784897
       0.257711              0.1185373
       0.110105              0.2639755
       0.044092              0.1172894
S 11 1.0
    6863.281386              0.0000291
    1030.042230              0.0002485
     234.709623              0.0010905
      66.562729              0.0051653
      21.690889              0.0100991
       7.734317              0.0284733
       2.916120             -0.0383360
       1.130046             -0.0732732
       0.257711              1.4841383
       0.110105             -0.3077786
       0.044092             -0.6517466
S 11 1.0
    6863.281386             -0.0000142
    1030.042230              0.0000350
     234.709623             -0.0009433
      66.562729              0.0019840
      21.690889             -0.0228381
       7.734317              0.0249646
       2.916120             -0.2185543
       1.130046              0.2771477
       0.257711              0.4192313
       0.110105             -0.6690437
       0.044092              1.2530561
P 5 1.0
       7.436305              0.0110227
       1.577065              0.0478929
       0.435218              0.2972681
       0.143806              0.6586223
       0.049942              0.1351100
P 5 1.0
       7.436305              0.0364851
       1.577065              0.6353991
       0.435218             -1.6588292
       0.143806              0.6728166
       0.049942              0.1417490
P 5 1.0
       7.436305              0.0006128
       1.577065              0.2517293
       0.435218              0.0773608
       0.143806             -0.2829040
       0.049942              1.1195852
D 2 1.0
       0.348014              0.2285608
       0.180307              0.8020644
D 2 1.0
       0.348014              1.2825321
       0.180307             -0.3654776
F 1 1.0
       0.325013              1.0000000
****
