! ANO-VT-TZ - Atomic Natural Orbital - Virial Theorem - Triple Zeta basis sets
!
! Please cite:
! Daniel Claudino, Ricardo Gargano, and Rodney J. Bartlett The Journal of Chemical Physics 144, 104106 (2016); https://doi.org/10.1063/1.4943275
! Daniel Claudino, Ricardo Gargano, and Rodney J. Bartlett The Journal of Chemical Physics 145, 019901 (2016); https://doi.org/10.1063/1.4954989 UNCONTRACTED
C 0
S 10 1.0
    8236.617712              0.0003441
    1235.092627              0.0026615
     280.821060              0.0136979
      79.275945              0.0536039
      25.591919              0.1572572
       8.997675              0.3118689
       3.319249              0.3120195
       0.905968             -0.1142640
       0.364327             -0.5402732
       0.128510             -0.3422075
S 10 1.0
    8236.617712              0.0004263
    1235.092627              0.0032953
     280.821060              0.0169007
      79.275945              0.0653850
      25.591919              0.1858719
       8.997675              0.3334619
       3.319249              0.2345137
       0.905968              0.0991551
       0.364327              0.2571345
       0.128510              0.1750152
S 10 1.0
    8236.617712              0.0000779
    1235.092627              0.0006168
     280.821060              0.0030015
      79.275945              0.0117379
      25.591919              0.0263563
       8.997675              0.0317734
       3.319249             -0.0942339
       0.905968              0.6593277
       0.364327              0.7068093
       0.128510             -1.3789427
S 10 1.0
    8236.617712              0.0000611
    1235.092627              0.0004247
     280.821060              0.0024117
      79.275945              0.0063301
      25.591919              0.0154267
       8.997675             -0.0510822
       3.319249             -0.1295388
       0.905968              1.4527158
       0.364327             -0.6427303
       0.128510              0.3731848
P 5 1.0
      18.711403              0.0141162
       4.133310              0.0861531
       1.200090              0.2939949
       0.382729              0.5041039
       0.120909              0.3360332
P 5 1.0
      18.711403              0.0166266
       4.133310              0.0570935
       1.200090              0.5524017
       0.382729              0.3408035
       0.120909             -1.0098918
P 5 1.0
      18.711403              0.0406694
       4.133310              0.3226447
       1.200090              1.0793496
       0.382729             -0.8913972
       0.120909              0.3084888
D 2 1.0
       1.097082              0.3971187
       0.318024              0.7306328
D 2 1.0
       1.097082              1.1805068
       0.318024             -0.6416374
F 1 1.0
       0.761057              1.0000000
****
