! ANO-VT-TZ - Atomic Natural Orbital - Virial Theorem - Triple Zeta basis sets
!
! Please cite:
! Daniel Claudino, Ricardo Gargano, and Rodney J. Bartlett The Journal of Chemical Physics 144, 104106 (2016); https://doi.org/10.1063/1.4943275
! Daniel Claudino, Ricardo Gargano, and Rodney J. Bartlett The Journal of Chemical Physics 145, 019901 (2016); https://doi.org/10.1063/1.4954989
CL 0
S 15 1.0
  456098.274596              0.0000182
   68329.741511              0.0001413
   15549.941175              0.0007429
    4404.983336              0.0031023
    1438.994556              0.0110450
     520.398031              0.0335390
     203.099232              0.0860642
      83.959682              0.1685240
      36.199863              0.2159441
      15.829940              0.0297810
       6.333976             -0.4575867
       2.693990             -0.6594494
       0.976796              0.0203999
       0.431298              0.5893728
       0.162499              0.3055820
S 15 1.0
  456098.274596              0.0000316
   68329.741511              0.0002458
   15549.941175              0.0012900
    4404.983336              0.0053875
    1438.994556              0.0190056
     520.398031              0.0570128
     203.099232              0.1401014
      83.959682              0.2530519
      36.199863              0.2666148
      15.829940              0.0612984
       6.333976             -0.2119995
       2.693990             -0.1415484
       0.976796             -0.0955005
       0.431298             -0.4037521
       0.162499             -0.2182249
S 15 1.0
  456098.274596              0.0000363
   68329.741511              0.0002824
   15549.941175              0.0014798
    4404.983336              0.0061772
    1438.994556              0.0216444
     520.398031              0.0641945
     203.099232              0.1520536
      83.959682              0.2531195
      36.199863              0.2089370
      15.829940              0.0790747
       6.333976              0.2004485
       2.693990              0.1890279
       0.976796              0.0512451
       0.431298              0.1442851
       0.162499              0.0807136
S 15 1.0
  456098.274596              0.0000024
   68329.741511              0.0000184
   15549.941175              0.0001044
    4404.983336              0.0003855
    1438.994556              0.0015369
     520.398031              0.0034984
     203.099232              0.0097324
      83.959682              0.0022261
      36.199863              0.0056890
      15.829940             -0.0314416
       6.333976              0.1855469
       2.693990             -0.2695296
       0.976796              0.9470556
       0.431298              0.5027606
       0.162499             -1.3420657
S 15 1.0
  456098.274596              0.0000022
   68329.741511              0.0000163
   15549.941175              0.0000859
    4404.983336              0.0003499
    1438.994556              0.0012276
     520.398031              0.0033313
     203.099232              0.0070365
      83.959682              0.0053384
      36.199863             -0.0056304
      15.829940             -0.0034088
       6.333976              0.0568971
       2.693990             -0.2272461
       0.976796              1.2249091
       0.431298             -0.6104322
       0.162499              0.6893338
P 9 1.0
     663.297491              0.0020622
     156.799407              0.0164738
      49.979811              0.0764331
      18.419930              0.2223107
       7.239973              0.3863090
       2.921989              0.3011064
       1.021996             -0.1654185
       0.381799             -0.4327047
       0.130100             -0.2535545
P 9 1.0
     663.297491              0.0015977
     156.799407              0.0127727
      49.979811              0.0584163
      18.419930              0.1680810
       7.239973              0.2815787
       2.921989              0.2324564
       1.021996              0.2001717
       0.381799              0.3194189
       0.130100              0.1951818
P 9 1.0
     663.297491              0.0000225
     156.799407              0.0008091
      49.979811              0.0012172
      18.419930              0.0189952
       7.239973              0.0021082
       2.921989              0.0937183
       1.021996             -0.7485211
       0.381799             -0.2328947
       0.130100              1.0173618
P 9 1.0
     663.297491              0.0007018
     156.799407              0.0048804
      49.979811              0.0283561
      18.419930              0.0761980
       7.239973              0.1858305
       2.921989             -0.0125561
       1.021996             -1.5564369
       0.381799              1.2943308
       0.130100             -0.8495346
D 2 1.0
       1.045996              0.4620764
       0.343999              0.6527886
D 2 1.0
       1.045996              1.2352105
       0.343999             -0.8743438
F 1 1.0
       0.705997              1.0000000
****
