! ANO-VT-TZ - Atomic Natural Orbital - Virial Theorem - Triple Zeta basis sets
!
! Please cite:
! Daniel Claudino, Ricardo Gargano, and Rodney J. Bartlett The Journal of Chemical Physics 144, 104106 (2016); https://doi.org/10.1063/1.4943275
! Daniel Claudino, Ricardo Gargano, and Rodney J. Bartlett The Journal of Chemical Physics 145, 019901 (2016); https://doi.org/10.1063/1.4954989
F 0
S 10 1.0
   19501.123216              0.0003307
    2923.168367              0.0025614
     664.538276              0.0132127
     187.510800              0.0522347
      60.623492              0.1560135
      21.421234              0.3180083
       7.950458              0.3150092
       2.257130             -0.1410519
       0.881551             -0.5383177
       0.304118             -0.3329600
S 10 1.0
   19501.123216              0.0004036
    2923.168367              0.0031195
     664.538276              0.0160526
     187.510800              0.0625144
      60.623492              0.1805499
      21.421234              0.3269198
       7.950458              0.2362112
       2.257130              0.1154359
       0.881551              0.2554818
       0.304118              0.1688279
S 10 1.0
   19501.123216              0.0000734
    2923.168367              0.0005837
     664.538276              0.0028151
     187.510800              0.0110987
      60.623492              0.0235895
      21.421234              0.0205107
       7.950458             -0.1144387
       2.257130              0.8369903
       0.881551              0.4943825
       0.304118             -1.2296428
S 10 1.0
   19501.123216              0.0000487
    2923.168367              0.0003100
     664.538276              0.0019782
     187.510800              0.0039361
      60.623492              0.0122497
      21.421234             -0.0750004
       7.950458             -0.1255534
       2.257130              1.5159266
       0.881551             -0.9256592
       0.304118              0.6704014
P 5 1.0
      43.882528              0.0167641
       9.926572              0.1049195
       2.930169              0.3201421
       0.913253              0.4803359
       0.267215              0.3402237
P 5 1.0
      43.882528              0.0234960
       9.926572              0.1377052
       2.930169              0.5962130
       0.913253              0.1971955
       0.267215             -0.8830507
P 5 1.0
      43.882528              0.0417308
       9.926572              0.3625904
       2.930169              1.0185010
       0.913253             -1.1115759
       0.267215              0.4970915
D 2 1.0
       3.107179              0.3752640
       0.855049              0.7565312
D 2 1.0
       3.107179              1.1586610
       0.855049             -0.5747335
F 1 1.0
       1.917110              1.0000000
****
