! ANO-VT-TZ - Atomic Natural Orbital - Virial Theorem - Triple Zeta basis sets
!
! Please cite:
! Daniel Claudino, Ricardo Gargano, and Rodney J. Bartlett The Journal of Chemical Physics 144, 104106 (2016); https://doi.org/10.1063/1.4943275
! Daniel Claudino, Ricardo Gargano, and Rodney J. Bartlett The Journal of Chemical Physics 145, 019901 (2016); https://doi.org/10.1063/1.4954989
LI 0
S 11 1.0
    5988.116754              0.0001330
     898.917527              0.0010250
     205.904015              0.0052720
      59.241155              0.0209290
      19.870387              0.0663400
       7.406144              0.1657750
       2.930057              0.3150380
       1.189023              0.3935230
       0.479809              0.1908700
       0.075091              0.0054140
       0.028321             -0.0013280
S 11 1.0
    5988.116754             -0.0000210
     898.917527             -0.0001610
     205.904015             -0.0008200
      59.241155             -0.0033260
      19.870387             -0.0105190
       7.406144             -0.0280970
       2.930057             -0.0559359
       1.189023             -0.0992369
       0.479809             -0.1121888
       0.075091              0.5678882
       0.028321              0.5303812
S 11 1.0
    5988.116754              0.0000012
     898.917527              0.0000453
     205.904015             -0.0000470
      59.241155              0.0013630
      19.870387             -0.0023916
       7.406144              0.0184025
       2.930057             -0.0339893
       1.189023              0.1180389
       0.479809             -0.1445716
       0.075091             -1.5032557
       0.028321              1.8083911
S 11 1.0
    5988.116754              0.0001554
     898.917527              0.0012812
     205.904015              0.0059519
      59.241155              0.0268269
      19.870387              0.0684634
       7.406144              0.2146874
       2.930057              0.1997516
       1.189023              0.3180205
       0.479809             -1.1969439
       0.075091             -0.0485805
       0.028321             -0.1551909
P 5 1.0
       3.266064              0.0086300
       0.651113              0.0475381
       0.169603              0.2097725
       0.055781              0.5285234
       0.020500              0.3827450
P 5 1.0
       3.266064              0.0407523
       0.651113              0.1655699
       0.169603              0.9980733
       0.055781             -0.6154147
       0.020500             -0.4064371
P 5 1.0
       3.266064              0.0814734
       0.651113              0.6557634
       0.169603              0.0889270
       0.055781             -0.1581239
       0.020500              0.7331079
D 2 1.0
       0.187404              0.3470063
       0.080102              0.7167061
D 2 1.0
       0.187404              1.3840204
       0.080102             -0.6700987
F 1 1.0
       0.182904              1.0000000
****
