! ANO-VT-TZ - Atomic Natural Orbital - Virial Theorem - Triple Zeta basis sets
!
! Please cite:
! Daniel Claudino, Ricardo Gargano, and Rodney J. Bartlett The Journal of Chemical Physics 144, 104106 (2016); https://doi.org/10.1063/1.4943275
! Daniel Claudino, Ricardo Gargano, and Rodney J. Bartlett The Journal of Chemical Physics 145, 019901 (2016); https://doi.org/10.1063/1.4954989
MG 0
S 15 1.0
  164902.099842              0.0000342
   24710.314658              0.0002663
    5628.071667              0.0013911
    1596.020324              0.0058040
     521.006634              0.0202835
     188.002394              0.0599431
      73.010930              0.1405960
      29.900381              0.2392332
      12.540160              0.2004184
       4.306055             -0.1622632
       1.826023             -0.5268301
       0.741709             -0.4164476
       0.145702              0.1409431
       0.076121              0.3801019
       0.033100              0.1650123
S 15 1.0
  164902.099842              0.0000425
   24710.314658              0.0003304
    5628.071667              0.0017268
    1596.020324              0.0071803
     521.006634              0.0249841
     188.002394              0.0725336
      73.010930              0.1643628
      29.900381              0.2528626
      12.540160              0.1810379
       4.306055             -0.0407915
       1.826023             -0.1685040
       0.741709             -0.0118492
       0.145702             -0.1930103
       0.076121             -0.4339019
       0.033100             -0.1998648
S 15 1.0
  164902.099842              0.0000530
   24710.314658              0.0004115
    5628.071667              0.0021519
    1596.020324              0.0089145
     521.006634              0.0309294
     188.002394              0.0882308
      73.010930              0.1938488
      29.900381              0.2663714
      12.540160              0.1546769
       4.306055              0.1106311
       1.826023              0.2452649
       0.741709              0.1307914
       0.145702              0.0682474
       0.076121              0.1396086
       0.033100              0.0666449
S 15 1.0
  164902.099842              0.0000023
   24710.314658              0.0000192
    5628.071667              0.0000944
    1596.020324              0.0004191
     521.006634              0.0012830
     188.002394              0.0039471
      73.010930              0.0056345
      29.900381              0.0063412
      12.540160             -0.0127449
       4.306055              0.0506625
       1.826023             -0.0194026
       0.741709             -0.0987748
       0.145702              1.7614623
       0.076121             -0.6007864
       0.033100             -0.3821635
S 15 1.0
  164902.099842              0.0000011
   24710.314658              0.0000036
    5628.071667             -0.0000062
    1596.020324              0.0001122
     521.006634             -0.0002382
     188.002394              0.0016680
      73.010930             -0.0040631
      29.900381              0.0129091
      12.540160             -0.0306702
       4.306055              0.0836436
       1.826023             -0.2688803
       0.741709              0.3321673
       0.145702              0.1073090
       0.076121             -0.6054336
       0.033100              1.3864690
P 10 1.0
     316.904035              0.0020777
      74.860953              0.0163054
      23.720302              0.0739556
       8.669110              0.2145372
       3.363043              0.3826157
       1.310017              0.3987542
       0.491106              0.1534557
       0.236403             -0.0066553
       0.087331              0.0022705
       0.032370             -0.0020383
P 10 1.0
     316.904035              0.0000850
      74.860953              0.0007073
      23.720302              0.0028203
       8.669110              0.0083442
       3.363043              0.0100918
       1.310017              0.0093163
       0.491106             -0.0552954
       0.236403              0.3712015
       0.087331              0.6709367
       0.032370              0.0756369
P 10 1.0
     316.904035              0.0005109
      74.860953              0.0035035
      23.720302              0.0191250
       8.669110              0.0441374
       3.363043              0.0966043
       1.310017             -0.0280898
       0.491106             -0.1628619
       0.236403              1.5377202
       0.087331             -0.8418457
       0.032370             -0.2131533
P 10 1.0
     316.904035              0.0002664
      74.860953             -0.0005947
      23.720302              0.0137996
       8.669110             -0.0183571
       3.363043              0.0852680
       1.310017             -0.5042430
       0.491106              1.1246160
       0.236403              0.1319123
       0.087331              0.0065325
       0.032370              0.1690841
D 2 1.0
       0.126002              0.6998702
       0.294004              0.3652274
D 2 1.0
       0.126002              0.7357438
       0.294004             -1.4098756
F 1 1.0
       0.252003              1.0000000
****
