! ANO-VT-TZ - Atomic Natural Orbital - Virial Theorem - Triple Zeta basis sets
!
! Please cite:
! Daniel Claudino, Ricardo Gargano, and Rodney J. Bartlett The Journal of Chemical Physics 144, 104106 (2016); https://doi.org/10.1063/1.4943275
! Daniel Claudino, Ricardo Gargano, and Rodney J. Bartlett The Journal of Chemical Physics 145, 019901 (2016); https://doi.org/10.1063/1.4954989
N 0
S 10 1.0
   11419.984012              0.0003383
    1711.997603              0.0026187
     389.299455              0.0134825
     109.999846              0.0528612
      35.569950              0.1562273
      12.539982              0.3129526
       4.643993              0.3121471
       1.292998             -0.1257363
       0.511799             -0.5319048
       0.178700             -0.3473181
S 10 1.0
   11419.984012              0.0004182
    1711.997603              0.0032330
     389.299455              0.0165899
     109.999846              0.0642308
      35.569950              0.1836833
      12.539982              0.3306136
       4.643993              0.2350196
       1.292998              0.1064602
       0.511799              0.2522311
       0.178700              0.1773653
S 10 1.0
   11419.984012              0.0000737
    1711.997603              0.0005787
     389.299455              0.0028505
     109.999846              0.0110561
      35.569950              0.0260765
      12.539982              0.0322345
       4.643993             -0.0759984
       1.292998              0.5200385
       0.511799              0.8121474
       0.178700             -1.4577680
S 10 1.0
   11419.984012              0.0000628
    1711.997603              0.0004405
     389.299455              0.0024711
     109.999846              0.0066474
      35.569950              0.0155939
      12.539982             -0.0553706
       4.643993             -0.1348049
       1.292998              1.5121050
       0.511799             -0.6013148
       0.178700              0.2105576
P 5 1.0
      26.629963              0.0147790
       5.947992              0.0918374
       1.741998              0.3022186
       0.554999              0.4965955
       0.172500              0.3356606
P 5 1.0
      26.629963              0.0204510
       5.947992              0.1014445
       1.741998              0.5940850
       0.554999              0.2523469
       0.172500             -0.9368883
P 5 1.0
      26.629963              0.0428045
       5.947992              0.3520030
       1.741998              1.0535043
       0.554999             -1.0028670
       0.172500              0.4369623
D 2 1.0
       1.653998              0.3858000
       0.468999              0.7434298
D 2 1.0
       1.653998              1.1709966
       0.468999             -0.6076842
F 1 1.0
       1.092998              1.0000000
****
