! ANO-VT-TZ - Atomic Natural Orbital - Virial Theorem - Triple Zeta basis sets
!
! Please cite:
! Daniel Claudino, Ricardo Gargano, and Rodney J. Bartlett The Journal of Chemical Physics 144, 104106 (2016); https://doi.org/10.1063/1.4943275
! Daniel Claudino, Ricardo Gargano, and Rodney J. Bartlett The Journal of Chemical Physics 145, 019901 (2016); https://doi.org/10.1063/1.4954989
NA 0
S 16 1.0
  423007.409520              0.0000181
   63341.109501              0.0001404
   14410.252414              0.0007384
    4077.071415              0.0031118
    1328.023262              0.0112079
     478.608383              0.0352828
     186.203262              0.0959893
      76.921347              0.2137386
      33.320584              0.3486876
      15.000263              0.3245678
       6.869120              0.1126292
       2.683047              0.0070680
       1.109019              0.0005980
       0.454008              0.0002041
       0.060151             -0.0000053
       0.023820              0.0000018
S 16 1.0
  423007.409520             -0.0000044
   63341.109501             -0.0000343
   14410.252414             -0.0001801
    4077.071415             -0.0007639
    1328.023262             -0.0027525
     478.608383             -0.0088602
     186.203262             -0.0247939
      76.921347             -0.0605997
      33.320584             -0.1164494
      15.000263             -0.1624391
       6.869120             -0.0438888
       2.683047              0.3379181
       1.109019              0.5613469
       0.454008              0.2452386
       0.060151              0.0040675
       0.023820             -0.0012675
S 16 1.0
  423007.409520              0.0000007
   63341.109501              0.0000052
   14410.252414              0.0000271
    4077.071415              0.0001146
    1328.023262              0.0004151
     478.608383              0.0013298
     186.203262              0.0037560
      76.921347              0.0091402
      33.320584              0.0179860
      15.000263              0.0251480
       6.869120              0.0076352
       2.683047             -0.0614590
       1.109019             -0.1157200
       0.454008             -0.1589100
       0.060151              0.6264099
       0.023820              0.4754000
S 16 1.0
  423007.409520              0.0000002
   63341.109501              0.0000018
   14410.252414              0.0000108
    4077.071415              0.0000355
    1328.023262              0.0001711
     478.608383              0.0003472
     186.203262              0.0014830
      76.921347              0.0009653
      33.320584              0.0048734
      15.000263             -0.0107037
       6.869120              0.0153697
       2.683047             -0.0067831
       1.109019              0.0942133
       0.454008             -0.1762414
       0.060151             -1.2442782
       0.023820              1.8054507
S 16 1.0
  423007.409520              0.0000023
   63341.109501              0.0000167
   14410.252414              0.0000924
    4077.071415              0.0003601
    1328.023262              0.0014080
     478.608383              0.0038075
     186.203262              0.0112487
      76.921347              0.0153445
      33.320584              0.0214654
      15.000263             -0.0543032
       6.869120              0.0395563
       2.683047              0.1739073
       1.109019              0.4265596
       0.454008             -1.2278683
       0.060151             -0.1039880
       0.023820             -0.2138669
P 10 1.0
     243.304262              0.0022439
      57.391005              0.0174001
      18.100317              0.0774126
       6.575115              0.2191017
       2.521044              0.3785229
       0.960717              0.3949030
       0.351206              0.1604212
       0.098272              0.0023331
       0.037341              0.0019954
       0.015000             -0.0007773
P 10 1.0
     243.304262             -0.0002224
      57.391005             -0.0017428
      18.100317             -0.0077546
       6.575115             -0.0225190
       2.521044             -0.0384330
       0.960717             -0.0450180
       0.351206             -0.0192130
       0.098272              0.1826999
       0.037341              0.5578996
       0.015000              0.3730197
P 10 1.0
     243.304262              0.0001580
      57.391005              0.0009906
      18.100317              0.0057757
       6.575115              0.0114651
       2.521044              0.0304482
       0.960717             -0.0050727
       0.351206             -0.0543750
       0.098272              1.3228304
       0.037341             -1.2970124
       0.015000             -0.1683871
P 10 1.0
     243.304262              0.0003925
      57.391005             -0.0013674
      18.100317              0.0156205
       6.575115             -0.0497550
       2.521044              0.1216647
       0.960717             -0.4969009
       0.351206              0.9904642
       0.098272              0.0842358
       0.037341             -0.0230173
       0.015000              0.5533115
D 2 1.0
       0.136702              0.3853247
       0.063601              0.6702875
D 2 1.0
       0.136702              1.5158791
       0.063601             -0.8714257
F 1 1.0
       0.139702              1.0000000
****
