! ANO-VT-TZ - Atomic Natural Orbital - Virial Theorem - Triple Zeta basis sets
!
! Please cite:
! Daniel Claudino, Ricardo Gargano, and Rodney J. Bartlett The Journal of Chemical Physics 144, 104106 (2016); https://doi.org/10.1063/1.4943275
! Daniel Claudino, Ricardo Gargano, and Rodney J. Bartlett The Journal of Chemical Physics 145, 019901 (2016); https://doi.org/10.1063/1.4954989
NE 0
S 10 1.0
   24352.493504              0.0003278
    3650.373770              0.0025403
     829.684953              0.0131096
     234.023962              0.0519869
      75.617743              0.1559606
      26.732737              0.3195546
       9.928017              0.3154952
       2.836290             -0.1454803
       1.102113             -0.5387650
       0.378239             -0.3303494
S 10 1.0
   24352.493504              0.0003986
    3650.373770              0.0030813
     829.684953              0.0158673
     234.023962              0.0619384
      75.617743              0.1796174
      26.732737              0.3258063
       9.928017              0.2366202
       2.836290              0.1182217
       1.102113              0.2557793
       0.378239              0.1671285
S 10 1.0
   24352.493504              0.0000725
    3650.373770              0.0005769
     829.684953              0.0027798
     234.023962              0.0109381
      75.617743              0.0228660
      26.732737              0.0161524
       9.928017             -0.1219098
       2.836290              0.9075699
       1.102113              0.4173737
       0.378239             -1.1685431
S 10 1.0
   24352.493504              0.0000433
    3650.373770              0.0002574
     829.684953              0.0017931
     234.023962              0.0028202
      75.617743              0.0112356
      26.732737             -0.0826555
       9.928017             -0.1168533
       2.836290              1.4888057
       1.102113             -1.0105197
       0.378239              0.8066747
P 5 1.0
      54.705601              0.0172431
      12.431273              0.1081872
       3.679377              0.3241150
       1.143117              0.4779217
       0.330034              0.3390502
P 5 1.0
      54.705601              0.0252836
      12.431273              0.1539174
       3.679377              0.6186192
       1.143117              0.1444280
       0.330034             -0.8453525
P 5 1.0
      54.705601              0.0409152
      12.431273              0.3798476
       3.679377              0.9775153
       1.143117             -1.1664230
       0.330034              0.5864361
D 2 1.0
       4.014411              0.3744934
       1.096112              0.7583230
D 2 1.0
       4.014411              1.1556284
       1.096112             -0.5707003
F 1 1.0
       2.544261              1.0000000
****
