! ANO-VT-TZ - Atomic Natural Orbital - Virial Theorem - Triple Zeta basis sets
!
! Please cite:
! Daniel Claudino, Ricardo Gargano, and Rodney J. Bartlett The Journal of Chemical Physics 144, 104106 (2016); https://doi.org/10.1063/1.4943275
! Daniel Claudino, Ricardo Gargano, and Rodney J. Bartlett The Journal of Chemical Physics 145, 019901 (2016); https://doi.org/10.1063/1.4954989
O 0
S 10 1.0
   15329.854365              0.0003301
    2298.978160              0.0025559
     522.395037              0.0131947
     147.298601              0.0521219
      47.549548              0.1554759
      16.759841              0.3156168
       6.206941              0.3150355
       1.751983             -0.1323474
       0.688193             -0.5364969
       0.238398             -0.3402577
S 10 1.0
   15329.854365              0.0004052
    2298.978160              0.0031319
     522.395037              0.0161226
     147.298601              0.0628124
      47.549548              0.1812384
      16.759841              0.3286292
       6.206941              0.2366879
       1.751983              0.1108239
       0.688193              0.2543313
       0.238398              0.1729388
S 10 1.0
   15329.854365              0.0000733
    2298.978160              0.0005821
     522.395037              0.0028242
     147.298601              0.0111754
      47.549548              0.0247627
      16.759841              0.0273508
       6.206941             -0.0995353
       1.751983              0.6972685
       0.688193              0.6409774
       0.238398             -1.3355098
S 10 1.0
   15329.854365              0.0000564
    2298.978160              0.0003881
     522.395037              0.0022424
     147.298601              0.0056945
      47.549548              0.0139675
      16.759841             -0.0614072
       6.206941             -0.1389943
       1.751983              1.5345598
       0.688193             -0.7710451
       0.238398              0.4405429
P 5 1.0
      34.459673              0.0160413
       7.748926              0.1000467
       2.279978              0.3141226
       0.715593              0.4851356
       0.213998              0.3397906
P 5 1.0
      34.459673              0.0209773
       7.748926              0.1160220
       2.279978              0.5590199
       0.715593              0.2716346
       0.213998             -0.9397685
P 5 1.0
      34.459673              0.0420955
       7.748926              0.3372546
       2.279978              1.0607478
       0.715593             -1.0225267
       0.213998              0.3780055
D 2 1.0
       2.313978              0.3806057
       0.644994              0.7502861
D 2 1.0
       2.313978              1.1638572
       0.644994             -0.5904023
F 1 1.0
       1.427986              1.0000000
****
