! ANO-VT-TZ - Atomic Natural Orbital - Virial Theorem - Triple Zeta basis sets
!
! Please cite:
! Daniel Claudino, Ricardo Gargano, and Rodney J. Bartlett The Journal of Chemical Physics 144, 104106 (2016); https://doi.org/10.1063/1.4943275
! Daniel Claudino, Ricardo Gargano, and Rodney J. Bartlett The Journal of Chemical Physics 145, 019901 (2016); https://doi.org/10.1063/1.4954989
S 0
S 15 1.0
  374099.842043              0.0000202
   56049.976334              0.0001568
   12759.994612              0.0008244
    3614.998474              0.0034378
    1182.999501              0.0121562
     428.799819              0.0365926
     167.799929              0.0920977
      69.469971              0.1761518
      29.839987              0.2127862
      12.719995              0.0039846
       5.243998             -0.4697524
       2.218999             -0.6293216
       0.776700              0.0280025
       0.349000              0.5772239
       0.132200              0.2994714
S 15 1.0
  374099.842043              0.0000346
   56049.976334              0.0002690
   12759.994612              0.0014112
    3614.998474              0.0058819
    1182.999501              0.0206211
     428.799819              0.0612348
     167.799929              0.1476613
      69.469971              0.2593366
      29.839987              0.2579855
      12.719995              0.0398329
       5.243998             -0.2191854
       2.218999             -0.1320823
       0.776700             -0.0916527
       0.349000             -0.4062887
       0.132200             -0.2198816
S 15 1.0
  374099.842043              0.0000400
   56049.976334              0.0003101
   12759.994612              0.0016255
    3614.998474              0.0067675
    1182.999501              0.0235728
     428.799819              0.0691082
     167.799929              0.1605403
      69.469971              0.2579955
      29.839987              0.1995049
      12.719995              0.0754323
       5.243998              0.2074188
       2.218999              0.1846021
       0.776700              0.0473778
       0.349000              0.1429776
       0.132200              0.0799025
S 15 1.0
  374099.842043              0.0000025
   56049.976334              0.0000185
   12759.994612              0.0001036
    3614.998474              0.0003886
    1182.999501              0.0015043
     428.799819              0.0034815
     167.799929              0.0090574
      69.469971              0.0021330
      29.839987              0.0030918
      12.719995             -0.0229692
       5.243998              0.1621540
       2.218999             -0.2392225
       0.776700              0.8949823
       0.349000              0.5436989
       0.132200             -1.3864324
S 15 1.0
  374099.842043              0.0000024
   56049.976334              0.0000185
   12759.994612              0.0000971
    3614.998474              0.0003988
    1182.999501              0.0013692
     428.799819              0.0037481
     167.799929              0.0074944
      69.469971              0.0058862
      29.839987             -0.0074592
      12.719995              0.0039076
       5.243998              0.0533545
       2.218999             -0.2124683
       0.776700              1.2314145
       0.349000             -0.5676685
       0.132200              0.6151870
P 9 1.0
     574.399757              0.0023785
     135.799943              0.0189375
      43.189982              0.0872506
      15.869993              0.2519628
       6.207997              0.4327845
       2.482999              0.3526458
       0.868800             -0.0738941
       0.322900             -0.3133303
       0.109800             -0.1898116
P 9 1.0
     574.399757              0.0012468
     135.799943              0.0099111
      43.189982              0.0451359
      15.869993              0.1284945
       6.207997              0.2144064
       2.482999              0.1773691
       0.868800              0.2096035
       0.322900              0.4066477
       0.109800              0.2578418
P 9 1.0
     574.399757              0.0000322
     135.799943             -0.0003986
      43.189982              0.0010031
      15.869993             -0.0124510
       6.207997              0.0112355
       2.482999             -0.0972455
       0.868800              0.6262685
       0.322900              0.4148254
       0.109800             -1.0997362
P 9 1.0
     574.399757              0.0005052
     135.799943              0.0041762
      43.189982              0.0200823
      15.869993              0.0678160
       6.207997              0.1223918
       2.482999              0.0957820
       0.868800             -1.6171342
       0.322900              1.0429882
       0.109800             -0.5354625
D 2 1.0
       0.269000              0.6395572
       0.819000              0.4766511
D 2 1.0
       0.269000              0.9131659
       0.819000             -1.2252606
F 1 1.0
       0.557000              1.0000000
****
