! FANO-TZ - Frozen Atomic Natural Orbital- Triple Zeta basis sets
!
! Please cite
! Daniel Claudino and Rodney J. Bartlett The Journal of Chemical Physics 149, 064105 (2018); https://doi.org/10.1063/1.5039741
H 0
S 9 1.0
     837.356579              0.0000942
     123.458805              0.0007550
      27.680014              0.0039564
       7.844351              0.0161511
       2.563517              0.0524165
       0.933097              0.1187161
       0.373153              0.2019413
       0.159317              0.1760460
       0.067056              0.0363439
S 9 1.0
     837.356579              0.0001050
     123.458805              0.0008261
      27.680014              0.0045649
       7.844351              0.0192329
       2.563517              0.0888390
       0.933097              0.3472684
       0.373153              0.0661802
       0.159317             -0.4252670
       0.067056             -0.1033785
S 9 1.0
     837.356579              0.0000941
     123.458805              0.0006984
      27.680014              0.0044199
       7.844351              0.0217301
       2.563517              0.1832408
       0.933097             -0.1772017
       0.373153             -0.6766767
       0.159317              0.4743323
       0.067056              0.1655691
P 5 1.0
       5.331873              0.0074645
       2.436701              0.0156054
       1.113589              0.1322438
       0.508917              0.2287702
       0.232579              0.1881628
P 5 1.0
       5.331873              0.0149812
       2.436701              0.1100637
       1.113589              0.3659117
       0.508917             -0.0510704
       0.232579             -0.4114908
D 4 1.0
       4.548996              0.0011829
       2.057159              0.0311443
       0.930294              0.1131471
       0.420700              0.1353299
****
