! FANO-TZ - Frozen Atomic Natural Orbital- Triple Zeta basis sets
!
! Please cite
! Daniel Claudino and Rodney J. Bartlett The Journal of Chemical Physics 149, 064105 (2018); https://doi.org/10.1063/1.5039741
HE 0
S 10 1.0
    4830.039864              0.0001051
     729.242971              0.0008274
     162.927888              0.0043958
      46.500237              0.0177745
      15.381158              0.0604393
       5.557872              0.1727267
       2.123589              0.3838561
       0.843040              0.6199012
       0.342850              0.6227484
       0.139687              0.2161898
S 10 1.0
    4830.039864              0.0000824
     729.242971              0.0006520
     162.927888              0.0034762
      46.500237              0.0146714
      15.381158              0.0561758
       5.557872              0.2230841
       2.123589              0.5782693
       0.843040              0.2023253
       0.342850             -0.6774590
       0.139687             -0.3355122
S 10 1.0
    4830.039864              0.0000596
     729.242971              0.0005441
     162.927888              0.0024209
      46.500237              0.0144866
      15.381158              0.0623797
       5.557872              0.3977541
       2.123589              0.0802949
       0.843040             -0.8235630
       0.342850              0.2584255
       0.139687              0.2935940
P 6 1.0
      24.318374              0.0056512
      10.335490              0.0220451
       4.392660              0.1359837
       1.866913              0.5465516
       0.793452              0.7619289
       0.337223              0.3189612
P 6 1.0
      24.318374              0.0148219
      10.335490              0.0588850
       4.392660              0.4676164
       1.866913              0.5678715
       0.793452             -0.5053722
       0.337223             -0.4469548
D 5 1.0
      16.140882              0.0080042
       7.002248              0.0540712
       3.037720              0.4435463
       1.317826              0.8011998
       0.571700              0.3979420
****
